6.8335     10.10181556
7.8893     21.53379985
6.0553     10.04677964
6.9311     13.31842579
4.8225     6.350819211
9.2697     30.17455119
7.8757     17.16233224
10.6714     45.40900956
2.4014     12.90154777
6.4886     7.684552803
9.7149     35.83918199
8.8248     24.03104515
7.2836     14.61883242
4.9013     8.495049495
7.6022     14.23362654
7.1543     14.5891473
5.7529     10.40999551
3.868     4.838052355
1.6657     10.45668105
7.172     15.66860111
6.9539     13.96073496
6.9752     12.46202643
3.4951     7.954667334
6.5202     11.45219056
5.5437     7.188877733
2.1975     12.60348768
8.6374     23.73019482
8.835     25.81440266
8.3233     21.97801662
4.9656     1.233765317
3.7567     4.537867465
10.5377     44.59395211
4.5981     7.710486678
5.7207     8.127212913
6.7373     12.49222474
2.5337     8.790934349
1.1768     20.37590469
4.8094     9.738017009
6.3101     8.63048314
7.2849     15.99836027
4.8834     5.849230379
8.5521     21.46560337
4.049     3.993750626
9.5861     31.24885971
8.2403     20.13073275
5.5325     6.981494817
6.6182     13.09490075
8.9541     26.51685205
3.3336     5.015705864
8.6359     23.37046248
6.1347     8.950893913
6.6221     8.471073168
6.2339     7.800158866
8.0428     19.92273496
4.6545     7.058714896
6.1386     6.468483806
6.4044     9.647060856
6.8897     10.70290842
3.4261     8.274330501
7.0022     12.28917073
6.5607     14.46344191
7.5289     15.88208013
4.9042     8.611358773
3.242     11.28219174
4.7136     6.811766217
7.5579     11.43962844
7.3255     10.53849689
4.7952     5.693373872
4.9405     6.909383954
3.546     8.802263994
6.932     12.06496004
5.6015     6.381595467
5.4816     6.16094925
8.4516     20.8259592
1.8334     11.44131775
6.4098     9.954252959
7.0652     10.40268764
4.0334     6.797453604
6.6433     11.53611803
5.0565     10.12196091
4.3934     5.394515805
5.5115     6.351662517
5.1639     8.108352415
6.6773     8.844401338
9.5866     31.26128568
5.2544     6.196188989
7.7579     12.91335466
4.3312     8.025433413
2.8019     6.963258071
4.1167     5.98934777
4.2101     7.420916204
9.0067     27.21771021
5.7441     8.944185432
8.4511     23.39441812
6.3173     8.746744987
7.9087     16.95739978
6.5596     13.3015321
4.1667     12.37219023
4.8934     7.920196205
4.0655     6.854079913
9.2492     30.91416057
5.7328     7.808977612
2.8425     10.9146446
10.1802     36.42748703
3.0519     8.018437115
4.4597     3.682916207
7.789     17.22101716
8.3407     21.85074314
8.1149     19.02018666
8.2029     18.6106285
5.9663     8.962238306
3.8729     7.553779855
5.11     10.28823296
6.4982     9.576258051
6.2225     7.340573901
4.0879     5.367027916
5.2775     4.855232999
7.9192     17.23552984
4.8812     7.295063646
4.3088     8.876794543
4.0492     4.528362246
7.7457     18.02144564
3.1116     12.19018676
5.3692     6.049557689
6.6622     10.85355281
6.3573     10.60493417
4.7185     8.587009367
3.5719     9.583476994
5.6806     8.644636439
4.4956     5.670176301
11.3485     52.90835848
7.4353     19.48661555
1.1128     17.9036138
6.1565     8.543129182
7.8514     18.97406337
6.6123     12.48131583
4.7281     10.49921652
7.6295     13.33902015
3.2736     7.068962626
4.3956     5.137005665
4.2191     10.90948012
3.0608     8.244317749
4.0342     5.636419819
8.7703     22.88622099
4.3971     5.168190516
7.0803     13.8464837
5.9672     10.60065697
8.5585     23.16733005
5.5319     10.36431316
3.9039     6.314145305
5.6774     6.505987865
5.1843     9.02840651
5.9524     8.831696613
3.491     5.946622318
8.8836     27.33125057
12.142     64.00567406
6.7188     8.051738386
0.7196     16.23150686
9.2876     27.34626795
2.9971     5.250694492
3.7631     1.343034511
7.4101     13.26712011
7.9652     18.58059154
5.263     8.011707061
7.5178     13.41783841
8.1481     20.88419105
5.2515     8.748261419
7.5805     16.76306725
4.1672     9.988890107
7.3926     18.15250966
6.6028     12.13086184
4.1858     6.728929819
7.7589     18.94274091
6.4491     13.27981232
7.8719     18.36195807
5.4875     7.820584982
8.3444     22.30639268
4.2327     7.455448952
7.5545     16.51239633
7.2857     14.9657586
2.3471     13.21432696
5.6089     6.132570968
4.697     4.550765365
7.067     11.49661627
8.1923     22.36391328
7.9729     18.19598862
3.9037     9.873388894
2.2854     9.640363501
4.4442     6.220022416
6.6191     12.61730513
5.7289     5.80636941
3.1707     7.3506752
5.1743     10.38969456
8.2525     19.63684869
2.3539     10.12160183
5.9306     12.18967734
7.7128     17.18252833
4.1222     7.208216088
4.8282     8.969202687
4.1293     5.970511406
4.8265     7.508809996
6.0773     11.31075469
5.7251     8.096574234
6.7508     9.950654247
3.3036     8.691037875
5.8832     8.595680426
8.8297     25.33479175
6.5049     12.04906478
6.5098     10.20002533
7.4173     13.99879725
4.686     4.265832278
8.1396     22.18868408
5.5629     5.229843552
2.1334     11.56258198
0.8571     22.23912805
6.5441     11.64936265
5.3091     6.241178534
2.3667     8.563917345
5.4917     5.739601845
9.3654     34.74396322
5.232     6.370444868
3.5077     7.729838968
7.7892     22.01939439
7.5712     14.54557915
9.3706     32.2981457
8.5131     23.90870762
2.8748     11.0271104
9.2099     26.54989081
8.4662     22.01630897
5.8608     5.431350869
5.8765     6.287119157
7.2666     15.34415884
4.7442     9.726519573
7.1606     13.05395517
8.0765     18.05592685
7.0983     14.95113846
6.6838     10.47577837
2.5316     11.89466471
3.8513     6.467563102
7.5505     10.71950845
8.4956     19.75288615
5.4251     9.17312404
1.4748     17.40871315
6.8769     11.39377975
9.7764     38.423426
6.4043     9.53745422
4.1863     5.220680475
6.647     8.344888722
5.0945     7.022396546
9.7932     35.04199699
6.4606     14.2979241
5.9734     9.191850579
4.7997     7.941500117
5.446     9.53963448
5.3421     6.078337554
3.027     9.353564794
3.6314     7.752880795
5.6237     10.85412685
6.6818     13.55429056
7.5226     19.07112483
3.2816     8.438107139
12.0126     60.3689794
3.0679     13.87945607
6.8782     12.99302776
3.3764     6.795313843
4.7739     6.268269481
5.3287     6.617680046
7.1843     13.2514039
4.9988     8.604045946
7.9973     17.33735023
5.6254     10.21887113
5.764     9.215590414
6.1374     11.94343054
4.8351     9.079567333
5.4804     9.362030731
8.0128     19.47750189
5.3901     8.862154911
9.3578     30.55321185
6.2083     8.214529821
6.431     10.33597033
5.0991     7.857764641
4.1197     6.624458141
8.3658     22.25975382
6.6839     10.51823153
5.884     8.518217903
6.8099     10.63745187
6.938     13.50127521
3.0195     8.169023485
4.4946     7.200326808
4.9406     8.824995236
7.2206     9.94419635
4.7842     9.649712088
6.9997     14.17085468
4.6419     6.64482543
5.723     6.547747867
5.6074     6.453558686
9.8986     36.51265396
5.0563     6.218059762
7.5667     19.79106337
4.9212     8.196541084