0.769497663     -1.393737345
0.78365679     -1.406391231
0.792194103     -1.413633418
1.795982942     -0.232822312
1.472184638     -1.054083335
0.592855602     -1.168466878
0.335771008     -0.617599692
1.025006557     -1.498749344
0.035426299     0.360804849
1.044907438     -1.495966644
0.604311824     -1.186861735
0.541149691     -1.078912788
1.74451691     -0.391389141
0.712615022     -1.334819749
0.670316129     -1.28261709
0.607026098     -1.191143025
0.797021246     -1.417599251
1.009046062     -1.499836338
0.501280854     -1.002558427
1.727343377     -0.441943224
0.950636038     -1.495126399
1.459725698     -1.077304565
1.778672984     -0.287336768
0.6319616     -1.229095472
0.514627689     -1.028827439
0.554506758     -1.103071543
0.88746481     -1.474671662
0.325461886     -0.589996666
1.565054279     -0.861427324
0.459265609     -0.915212637
0.688171783     -1.305526326
0.826626436     -1.439883215
0.196456884     -0.208636921
0.711621967     -1.33367622
0.955207386     -1.495987243
1.058366822     -1.493186628
0.629449121     -1.225384092
0.931105776     -1.490507172
0.803773107     -1.422990013
0.951827476     -1.495358816
1.331159526     -1.280666737
0.651054168     -1.256473613
1.0091228     -1.499833549
1.047903654     -1.49541048
0.594610927     -1.171319399
1.25355348     -1.371421266
1.60701268     -0.763071213
0.922329721     -1.487934656
1.196185397     -1.42302258
0.429699074     -0.849513708
1.266030611     -1.358455428
0.906531798     -1.48252739
0.246199422     -0.363569377
1.318640332     -1.296936678
0.849763981     -1.454858277
1.203559694     -1.417126902
0.458716502     -0.91402435
0.957473165     -1.496382937
1.089772811     -1.483881685
0.74792388     -1.372915259
1.034278855     -1.49764992
0.792069048     -1.413529438
1.294315896     -1.326756307
1.696768439     -0.529027485
0.869064027     -1.465711542
1.795168944     -0.235412701
0.735818506     -1.360416276
1.671981297     -0.596882273
1.065227255     -1.49149081
0.554222541     -1.102564914
0.455267243     -0.906532447
1.160431455     -1.448523496
1.672359874     -0.5958644
1.485005103     -1.0295401
1.146918069     -1.456830162
0.148328698     -0.049311987
1.361649199     -1.238419714
0.353292424     -0.663538622
1.077748155     -1.487910449
0.922291067     -1.487922643
1.054671432     -1.494022069
1.663767423     -0.618825616
1.154803956     -1.45207147
1.487398211     -1.024885968
0.80406244     -1.423216945
0.941441047     -1.493141698
0.514197953     -1.027992742
1.238572397     -1.386166423
0.919231186     -1.486952797
1.487829084     -1.02404557
1.306180254     -1.312507304
0.866212193     -1.464201645
0.985520844     -1.499580708
0.156852937     -0.07820606
0.161882442     -0.095117918
0.636958137     -1.236401211
1.32702701     -1.286106669
1.136565177     -1.462699905
1.792740593     -0.243124704
0.779237783     -1.402528087
1.837962943     -0.095636212
0.808720759     -1.426824504
0.538579232     -1.07418175
1.685043915     -0.561429669
0.742217369     -1.36709623
0.258943717     -0.401671171
0.735554184     -1.360136821
1.078870812     -1.48755879
1.438708412     -1.115069858
1.354432359     -1.248755406
1.6254038     -0.717740174
1.501747763     -0.996498365
1.03554419     -1.497473221
1.199826218     -1.420138965
1.63866878     -0.684204379
0.661662287     -1.271055184
1.105680442     -1.477663288
0.097994987     0.127226087
1.242996521     -1.381905382
0.632713639     -1.230201458
1.139744429     -1.460942989
0.497556473     -0.995101004
1.170370527     -1.441947767
0.260203367     -0.405401884
0.768604084     -1.39291186
1.728005034     -0.440017341
0.8610906     -1.461408357
1.076702804     -1.48823336
1.219034746     -1.40404756
0.313290573     -0.556860326
0.764765448     -1.389329411
1.083831537     -1.485944547
0.734057496     -1.358549169
0.602058551     -1.183285206
0.20170012     -0.225434603
1.026117277     -1.498635776
0.833879656     -1.444808063
1.697375526     -0.527334751
0.479615553     -0.958400055
1.076818765     -1.488197755
0.43123612     -0.853015298
0.854678663     -1.457763418
1.72003786     -0.46309096
1.132797595     -1.464729598
0.960466539     -1.496874211
0.708091423     -1.329578765
1.431613216     -1.127420064
0.800712658     -1.420569111
1.589944875     -0.803930089
1.406239451     -1.169939017
0.263952759     -0.416468918
1.614431883     -0.744946922
0.92944538     -1.490044091
0.561291588     -1.115069858
1.526871418     -0.944813018
0.632011622     -1.229169107
1.039456722     -1.496886334
0.624143356     -1.217463566
0.547350171     -1.090216265
0.58362082     -1.153256757
1.78086714     -0.280493019
0.91624577     -1.485970458
0.054393811     0.288342129
1.738430117     -0.409441925
1.752611413     -0.367152122
1.066963821     -1.491031693
0.804929303     -1.423894846
1.936393008     0.253663731
0.639393309     -1.239925629
0.372500952     -0.71248989
1.470395207     -1.057456698
0.53640895     -1.070166677
1.078406401     -1.487704873
1.186308853     -1.430578023
1.042450097     -1.496395979
0.861249762     -1.461496743
1.810293841     -0.186847782
0.753295015     -1.378273301
0.83815826     -1.447614502
0.960351715     -1.496856027
1.149235575     -1.455457486
1.02990987     -1.498210799
0.695295401     -1.314310215
1.060485377     -1.492683038
1.646972467     -0.662853254
1.075464186     -1.488610313
0.365717258     -0.695370806
0.875781214     -1.469139386
1.422797939     -1.142483806
0.048845893     0.309388271
1.05067136     -1.494864827
0.726492206     -1.350386973
1.437921699     -1.116449171
1.046021569     -1.49576403
0.6246504     -1.218225356
1.693651145     -0.537696178
1.779702987     -0.284126504
0.191406914     -0.192354443
1.225536496     -1.398266578
1.062759113     -1.492122587
1.296867029     -1.323739934
0.648364906     -1.252705521
1.329399086     -1.282992484
0.181636667     -0.16056291
0.617052708     -1.206702743
0.759840534     -1.384646862
0.350368398     -0.655957563
0.897407861     -1.478949706
0.868074383     -1.465191263
0.757519618     -1.382406529
0.974534148     -1.498702981
0.764210088     -1.388806235
0.549593213     -1.094267452
1.533379989     -0.931011575
1.769168764     -0.316758825
1.347629907     -1.258306896
1.034509071     -1.497618248
1.420886863     -1.145708497
1.740255928     -0.404042322
0.29937303     -0.518243698
0.803112019     -1.422470246
1.576799266     -0.834605213
0.844794729     -1.451822648
1.610464213     -0.754666889
1.81214921     -0.180827321
1.074342665     -1.488946336
0.533342816     -1.064462145
0.091296559     0.151483887
1.204349817     -1.416482305
1.268236136     -1.356098751
1.330778676     -1.281170935
1.407251264     -1.168292816
1.023551365     -1.498890666
0.361417622     -0.684425093
0.992101039     -1.499875213
0.432403683     -0.855668842
1.120631967     -1.470895857
0.486079787     -0.971772029
1.634454409     -0.694935206
0.133603978     0.001284134
0.303736331     -0.530433806
0.581398242     -1.149545136
1.199287342     -1.420569111
1.354334588     -1.248893999
1.492094614     -1.015685782
1.051632583     -1.494668153
1.383306542     -1.20615219
0.271885827     -0.439699502
1.026117277     -1.498635776
1.173007493     -1.440136815
0.210203896     -0.252444228
1.087829903     -1.484571816
1.106775815     -1.477197851
1.391933099     -1.192776892
0.337705958     -0.622733204
0.066026248     0.244613939
0.83120972     -1.443019683
0.489054971     -0.977870355
0.488280764     -0.976286847
0.805053221     -1.423991507
1.614757028     -0.744147593
0.660313961     -1.26922679
1.145919898     -1.457414767
1.017005277     -1.499421641
0.834324171     -1.445103039
0.895180167     -1.478025605
0.334009999     -0.612914637
0.229455625     -0.312522732
1.151276822     -1.454230646
0.347689936     -0.648983161
0.22920324     -0.31174471
1.794761945     -0.236706902
1.060986167     -1.492561375
1.278853918     -1.344480985
1.1234298     -1.469530169
0.876530978     -1.469510801
0.788518608     -1.410551242
1.378856839     -1.212934991
0.841379577     -1.449679123
0.873926981     -1.468211188
1.144044634     -1.458502287
0.777085122     -1.400617914
1.132757805     -1.46475073
1.205972697     -1.415150496
0.560560582     -1.113785996
0.938705741     -1.492486028
1.424001882     -1.140444808
1.383203087     -1.206310788
1.905924935     0.141399976
1.843306225     -0.077669222
0.470589955     -0.939450009
0.541731768     -1.079980455
1.012183818     -1.499703109
1.82218321     -0.148029538
1.174876504     -1.438836417
0.500525973     -1.001051393
1.037269956     -1.497221901
0.178555754     -0.150458701
1.345878561     -1.260736042
1.503268893     -0.993440843