1.72334575     -4.9671
-3.915226471     -51.9861
-1.726683926     4.9903
4.184241781     77.0543
-3.186288993     2.3374
-1.936185511     -16.0069
3.808737971     70.6357
3.433763941     45.1627
-2.929628875     -32.345
-2.705316457     0.5124
3.887289323     40.4031
3.217347197     23.5966
-3.141063104     -16.6278
3.715619386     65.3849
-1.040134351     -2.7647
-1.763460821     -3.9376
1.69474734     1.8209
-2.37663673     -16.0593
-2.816879334     -45.5316
-2.037669388     -32.95
1.715996638     14.9088
2.869668     40.2442
-4.668526696     -97.9953
3.141981791     28.1151
1.979830615     -10.0489
-3.01417734     -26.7315
-3.132261089     -29.3149
1.148315113     2.7722
4.506683074     105.6314
-1.93095195     33.7404
2.750472646     10.0005
3.466904364     32.463
1.99217778     6.4244
-1.202540912     0.5239
1.83900466     16.0718
-4.133210339     -54.0066
2.149280451     26.6186
1.728292389     -26.4534
2.3966156     41.4436
2.957142513     34.7639
-2.533132294     -28.0438
-3.351262612     -42.265
2.723637902     27.2472
4.252946515     55.8242
-3.063956464     -29.4581
2.496020335     19.3616
-3.722478211     -69.8369
2.3550788     -4.5985
2.069381909     27.5894
3.049282282     41.0114
3.900972801     84.6072
-1.934850837     -34.6737
3.597714599     88.5795
-3.246065456     -15.4639
-4.468824852     -76.4854
2.733206749     19.1669
1.387750273     2.2371
-3.216148836     -16.3649
4.784069001     106.1465
-1.95557031     5.0343
-2.869368434     -28.8722
-1.981224288     -7.4003
-0.984631692     -6.7167
-3.603581826     -37.0996
-3.331263938     -29.3269
2.158205528     34.9352
-1.888817042     0.9401
3.946256133     42.5323
-3.678492215     -52.4141
-1.837288065     -2.8102
-3.324814469     -43.7813
3.582936222     47.0483
3.254055686     19.6387
-1.644949355     4.7093
-3.861206456     -64.407
3.337476071     43.3278
2.277769441     24.9999
-4.216263473     -86.5718
2.559653273     17.6884
3.684669953     41.4924
1.366839822     11.5394
-2.357756174     -1.1915
-1.726862792     9.4629
2.821367142     23.9149
-4.030401682     -34.7247
2.358870953     13.102
-3.871096868     -40.4928
3.1773102     27.9707
-0.456610243     0.462
-3.688836574     -51.0219
-2.8848156     -42.2041
4.231116219     66.3699
3.852860078     43.6889
-2.653198937     -11.4916
-2.831947034     -12.318
3.706613446     61.2637
1.601236024     -3.5203
-1.614759267     -13.8668
3.155477159     28.5848
2.388819524     20.6449
2.6880819     22.625
2.316112445     19.8463
1.567101635     18.4732
-3.113131945     -23.9365
0.920437725     -12.5445
-2.851664156     -16.7642
-2.473708471     -16.9816
-2.353268426     7.1217
4.364913799     106.3193
2.335590107     20.1824
3.349558121     44.8101
-2.849986663     -47.4077
2.811508754     27.4537
-2.735346854     -35.1564
2.58446855     1.0939
-2.425735774     -5.7492
-3.362119907     -37.8008
3.054507355     47.9698
-2.561915274     -10.8922
-3.363089798     -36.859
-1.950571824     4.5567
-3.349962129     -48.2041
-1.676730224     9.4625
-2.762471182     -31.1739
2.722833337     34.8834
3.409790122     37.3054
3.122742903     22.9202
-2.085455047     12.1316
-3.14151576     -29.7302
-2.630190486     -14.3327
2.56229104     29.0831
-2.797374239     -17.2273
2.59200205     29.5687
3.934678671     60.1534
-3.962295713     -69.5061
3.854337048     49.1496
-1.570406537     -3.0598
4.018464633     76.6895
-3.587155875     -24.6983
3.177181422     14.4497
-3.403994728     -70.2938
-2.419750219     -11.026
-1.769187493     11.7287
4.595821663     109.6314
3.130741658     37.7733
4.125686448     79.7319
2.99708977     22.1291
2.209299478     -1.5767
2.360959822     11.2196
1.493497781     -20.9907
-3.08936697     -44.2077
-3.626436054     -45.0145
-1.295407861     -6.5031
3.460516813     41.3884
-2.934293619     -35.0557
2.79736146     25.1879
1.464251074     -1.4203
-4.066738629     -63.5743
-4.54979913     -90.2679
4.365658982     75.8387
3.645658189     38.3183
2.783934357     33.0911
-2.649239131     -23.6999
-2.741840275     0.7202
1.802691447     14.9731
-1.703763289     -19.1318
-3.011621588     -41.882
0.3710852     0.4604
4.205016681     82.2322
-3.640134741     -61.4492
-3.237040304     -72.1169
2.292895532     12.1219
-3.177805403     -34.1094
-2.622652171     -20.511
1.98003469     13.8391
2.061913577     -2.0739
2.139217695     1.7555
-4.067286776     -17.028
-3.741673972     -52.5257
-4.016758854     -63.645
-3.542932444     -67.274
-3.617051311     -40.4199
-2.152537117     -5.6029
-3.097809761     -32.8288
-3.697219728     -60.6568
3.730900218     67.3762
2.232466186     22.835
3.500971159     40.4697
2.358805054     15.9256
-3.543468782     -43.243
-3.381170422     -19.9226
-2.759129986     -6.7014
2.190718473     3.0932
-1.851467061     2.7238
-3.058303986     -31.032
-2.470681515     -33.4084
-3.538617248     -53.5825
-1.708584034     -11.1421
3.568527091     42.7991
2.231629849     28.0485
2.185043174     13.1283
1.702154132     18.8408
2.360618913     31.2754
1.891466812     17.626
-1.43159455     8.4487
3.62047235     23.5852
2.173539778     17.2438
3.290736186     52.5385
-2.848911044     -8.7965
-2.033816661     -9.8923
-2.821622559     -15.8386
-1.727008093     5.1503
1.047203443     15.5701
3.793321603     35.7514
3.059169752     36.1759
-2.597759411     -33.5018
3.932071717     71.1367
-2.785907078     -28.2614
2.864168697     29.7123
2.169149291     29.6551
-1.430112955     10.909
2.111209896     15.4363
2.749410342     26.4398
-3.136719091     -39.1545
1.965974412     24.0242
0.539926831     3.036
-3.315792075     -23.3218
-2.393954693     -10.9074
-2.259773126     -16.1995
0.81527924     9.7459
-4.117698624     -77.0176
-3.038193178     -34.5285
-3.338819189     -60.1613
-2.143847563     -10.8605
3.085390851     23.0088
2.280195428     32.4629
1.619513648     -8.9396
2.753711792     25.8868
-3.551322657     -17.9088
2.772685081     4.775
-3.332206842     -39.325
-2.972493004     -17.0166
-3.076590932     -32.3718
3.466135993     31.432
4.021564781     69.6901
2.585231857     22.099
1.158388567     -7.5754
-0.624452854     -14.9045
4.107699195     77.9813
-3.212767998     -24.8506
-3.991793592     -39.1433
-4.122909623     -60.3524
2.924543967     35.0773
-3.089782524     -19.0336
-2.179990741     -13.7364
3.547668905     24.8893
-2.706627523     -16.0906
-3.175512968     -26.0989
-3.412419973     -32.5473
0.749599786     -6.2892
2.196281598     10.2524
-1.84959816     -3.3595
4.162927704     61.1646
1.655245017     8.6943
2.682919148     18.4488
4.308969918     83.8575
-3.221184318     -14.7328
-4.379913609     -97.6921
-2.899603592     -20.8
2.359864974     15.0745
4.145163961     84.3453
1.164934391     -19.6923
3.648527585     65.9974
3.90077346     30.3923
-3.971636858     -72.4101
2.069234004     0.4011
3.409784388     33.2506
-2.730334639     -48.0904
-4.098162968     -78.2713
-3.827767516     -76.0872
-2.541365129     4.4546
-3.639206243     -44.9037
-2.923951459     -32.9763
0.937092267     6.4487
-1.952331203     -22.8988
4.306940297     94.4996
-3.248126731     -12.6496
2.684534353     13.5486
1.112232608     -28.964
-3.910491148     -53.0599
-1.970259957     -15.9892
-3.159729721     -36.5539
-2.542082323     -25.5319
-2.743435582     -43.8812
-3.01034944     -14.9068
-4.278868743     -91.3865
0.754784231     -6.2696
3.646325194     42.2245
2.622220793     41.2086
-3.053138398     -19.8209