0.769497663     2.088719848
0.78365679     2.037484574
0.792194103     2.005683122
1.795982942     -8.58608254
1.472184638     -3.381412821
0.592855602     2.583248876
0.335771008     2.924288896
1.025006557     0.846177416
0.035426299     2.999911078
1.044907438     0.718274176
0.604311824     2.558619369
0.541149691     2.683056215
1.74451691     -7.618313566
0.712615022     2.276239437
0.670316129     2.397622136
0.607026098     2.552645217
0.797021246     1.987395878
1.009046062     0.94523116
0.501280854     2.748073793
1.727343377     -7.307801179
0.950636038     1.281803548
1.459725698     -3.220764446
1.778672984     -8.254295698
0.6319616     2.495220086
0.514627689     2.727410299
0.554506758     2.659003025
0.88746481     1.602076455
0.325461886     2.931050614
1.565054279     -4.666871927
0.459265609     2.806258895
0.688171783     2.348190659
0.826626436     1.870313689
0.196456884     2.984835372
0.711621967     2.279260983
0.955207386     1.256897156
1.058366822     0.628961278
0.629449121     2.501216716
0.931105776     1.38554086
0.803773107     1.961442827
0.951827476     1.275335169
1.331159526     -1.717591245
0.651054168     2.448073348
1.0091228     0.944762329
1.047903654     0.698589661
0.594610927     2.579536159
1.25355348     -0.939658669
1.60701268     -5.30018756
0.922329721     1.430762759
1.196185397     -0.423146488
0.429699074     2.841319614
1.266030611     -1.058472571
0.906531798     1.510024517
0.246199422     2.97015366
1.318640332     -1.585736124
0.849763981     1.772772858
1.203559694     -0.486847081
0.458716502     2.806952987
0.957473165     1.244463642
1.089772811     0.411561202
0.74792388     2.163237527
1.034278855     0.787196073
0.792069048     2.006153933
1.294315896     -1.336614829
1.696768439     -6.770071183
0.869064027     1.687240056
1.795168944     -8.570336108
0.735818506     2.20321323
1.671981297     -6.348119185
1.065227255     0.58255387
0.554222541     2.659527099
0.455267243     2.811275099
1.160431455     -0.125276691
1.672359874     -6.354470543
1.485005103     -3.54958577
1.146918069     -0.017360357
0.148328698     2.993473121
1.361649199     -2.049236354
0.353292424     2.911807233
1.077748155     0.496302476
0.922291067     1.430960047
1.054671432     0.653710793
1.663767423     -6.211022539
1.154803956     -0.080028851
1.487398211     -3.581301092
0.80406244     1.96032088
0.941441047     1.331180427
0.514197953     2.728092601
1.238572397     -0.800092663
0.919231186     1.446525083
1.487829084     -3.587022209
1.306180254     -1.456966173
0.866212193     1.700121162
0.985520844     1.085623131
0.156852937     2.992281943
0.161882442     2.991515442
0.636958137     2.483152208
1.32702701     -1.673790948
1.136565177     0.063614758
1.792740593     -8.523445512
0.779237783     2.053675679
1.837962943     -9.417673834
0.808720759     1.942145911
0.538579232     2.687551241
1.685043915     -6.568936377
0.742217369     2.18224476
0.258943717     2.96527469
0.735554184     2.204071591
1.078870812     0.48847025
1.438708412     -2.955912988
1.354432359     -1.969377151
1.6254038     -5.588430546
1.501747763     -3.773622303
1.03554419     0.779064711
1.199826218     -0.454498741
1.63866878     -5.800422737
0.661662287     2.420652495
1.105680442     0.29654666
0.097994987     2.998117905
1.242996521     -0.840959563
0.632713639     2.493415865
1.139744429     0.038904394
0.497556473     2.753647407
1.170370527     -0.20627025
0.260203367     2.96476545
0.768604084     2.091890835
1.728005034     -7.319650893
0.8610906     1.723042213
1.076702804     0.503580721
1.219034746     -0.623082714
0.313290573     2.938500445
0.764765448     2.105429092
1.083831537     0.453666128
0.734057496     2.20892032
0.602058551     2.563538257
0.20170012     2.983588493
1.026117277     0.839168035
0.833879656     1.840314755
1.697375526     -6.780561841
0.479615553     2.779347034
1.076818765     0.50277404
0.43123612     2.839610702
0.854678663     1.751356153
1.72003786     -7.177568045
1.132797595     0.092719398
0.960466539     1.227946972
0.708091423     2.289935178
1.431613216     -2.86822953
0.800712658     1.973260955
1.589944875     -5.03852186
1.406239451     -2.561703448
0.263952759     2.963220264
1.614431883     -5.415679215
0.92944538     1.394162429
0.561291588     2.646332139
1.526871418     -4.119301607
0.632011622     2.495100211
1.039456722     0.753795815
0.624143356     2.513723759
0.547350171     2.672036306
0.58362082     2.602422018
1.78086714     -8.29599671
0.91624577     1.461611787
0.054393811     2.999678132
1.738430117     -7.507555855
1.752611413     -7.766806354
1.066963821     0.570711602
0.804929303     1.956954606
1.936393008     -11.5214677
0.639393309     2.477201591
0.372500952     2.896625801
1.470395207     -3.358171395
0.53640895     2.691313212
1.078406401     0.491712195
1.186308853     -0.339052979
1.042450097     0.734334363
0.861249762     1.722333993
1.810293841     -8.865258853
0.753295015     2.145080396
0.83815826     1.822372107
0.960351715     1.228582444
1.149235575     -0.035688319
1.02990987     0.815119663
0.695295401     2.32773877
1.060485377     0.614694284
1.646972467     -5.934885936
1.075464186     0.51218631
0.365717258     2.902171282
0.875781214     1.656564343
1.422797939     -2.760493328
0.048845893     2.999766915
1.05067136     0.680306113
0.726492206     2.233128013
1.437921699     -2.946147911
1.046021569     0.710967731
0.6246504     2.512537667
1.693651145     -6.716321484
1.779702987     -8.273858606
0.191406914     2.985975
1.225536496     -0.681363842
1.062759113     0.599318705
1.296867029     -1.362308174
0.648364906     2.454884545
1.329399086     -1.69889914
0.181636667     2.98801493
0.617052708     2.530109372
0.759840534     2.122600529
0.350368398     2.913978942
0.897407861     1.554561547
0.868074383     1.691719656
0.757519618     2.130615988
0.974534148     1.148937084
0.764210088     2.107376545
0.549593213     2.667987772
1.533379989     -4.21073225
1.769168764     -8.074848261
1.347629907     -1.894878507
1.034509071     0.785718126
1.420886863     -2.737312326
1.740255928     -7.54069777
0.29937303     2.946337857
0.803112019     1.9640033
1.576799266     -4.84077918
0.844794729     1.794176948
1.610464213     -5.353783801
1.81214921     -8.901778345
1.074342665     0.51996126
0.533342816     2.696576409
0.091296559     2.998478075
1.204349817     -0.493718814
1.268236136     -1.079720079
1.330778676     -1.713543239
1.407251264     -2.573717306
1.023551365     0.855337683
0.361417622     2.905581311
0.992101039     1.04702039
0.432403683     2.83830442
1.120631967     0.185384879
0.486079787     2.770304397
1.634454409     -5.732697745
0.133603978     2.995230332
0.303736331     2.943957149
0.581398242     2.606946979
1.199287342     -0.449846291
1.354334588     -1.968301071
1.492094614     -3.643838757
1.051632583     0.673933663
1.383306542     -2.294016471
0.271885827     2.959803365
1.026117277     0.839168035
1.173007493     -0.227991293
0.210203896     2.981423997
1.087829903     0.425380975
1.106775815     0.288503944
1.391933099     -2.393678823
0.337705958     2.922972436
0.066026248     2.999424322
0.83120972     1.851418452
0.489054971     2.766060785
0.488280764     2.767170052
0.805053221     1.956472805
1.614757028     -5.420764968
0.660313961     2.424187041
1.145919898     -0.009489121
1.017005277     0.896223426
0.834324171     1.838459192
0.895180167     1.565299166
0.334009999     2.925473899
0.229455625     2.975838376
1.151276822     -0.051892836
0.347689936     2.915936715
0.22920324     2.975918017
1.794761945     -8.562468245
1.060986167     0.611313469
1.278853918     -1.18304764
1.1234298     0.164250822
0.876530978     1.653111007
0.788518608     2.019458825
1.378856839     -2.243092603
0.841379577     1.808741825
0.873926981     1.665079389
1.144044634     0.005261534
0.777085122     2.061496756
1.132757805     0.093025746
1.205972697     -0.507861375
0.560560582     2.647712153
0.938705741     1.3456842
1.424001882     -2.775128946
1.383203087     -2.29282877
1.905924935     -10.8467347
1.843306225     -9.526290084
0.470589955     2.791571092
0.541731768     2.682032371
1.012183818     0.926002802
1.82218321     -9.100578059
1.174876504     -0.243445848
0.500525973     2.74921021
1.037269956     0.767942427
0.178555754     2.988614515
1.345878561     -1.875819513
1.503268893     -3.794226296