10.1078     0.014986617
73.5996     0.01201409
175.7574     0.008296814
39.1423     0.016101037
44.6059     0.012789392
-115.7089     0.02962059
128.1793     0.011156394
45.5507     0.012466527
-54.335     0.015097097
87.4117     0.010824842
65.9262     0.013124875
174.6861     0.010458446
-58.9312     0.022300025
31.8623     0.013650368
149.5163     0.009780908
158.4804     0.009967337
-13.8218     0.016194096
77.7031     0.011555417
52.6043     0.011938973
-46.7273     0.018587188
92.0749     0.010131096
142.0777     0.009623074
98.1601     0.011367357
47.1822     0.013319925
49.8107     0.014182567
27.479     0.014270567
1.3229     0.014583339
114.1069     0.009945232
-24.5823     0.018284511
8.4739     0.01920075
-50.3609     0.026640807
22.4696     0.015826215
19.7294     0.013614648
207.2513     0.00779116
43.4383     0.014201661
36.6266     0.015356383
8.0885     0.015284677
-58.9145     0.018060746
34.3914     0.011426952
27.361     0.013929109
160.2413     0.009606489
105.8936     0.012846651
57.4037     0.012671027
3.2266     0.015348676
-20.756     0.014930543
-31.1144     0.015858617
-0.647     0.015343283
65.5489     0.01092883
78.4078     0.012304906
-81.8796     0.021802262
142.2541     0.009643676
19.4685     0.012705011
63.4426     0.011586022
80.1359     0.010168792
105.4213     0.010254128
54.7379     0.013258502
69.4301     0.011111346
91.8098     0.010400708
71.5837     0.01045333
301.9829     0.00704336
37.4859     0.014613815
-53.6458     0.014552524
-77.5545     0.026295998
198.082     0.008181619
-32.2316     0.020918664
-98.8939     0.018005204
99.0505     0.010081397
9.7144     0.014103696
9.0655     0.015438722
13.3273     0.013521572
147.9522     0.009318848
-106.2838     0.023902345
-45.8202     0.020903753
166.7083     0.008736341
127.1704     0.009533525
97.7304     0.010713119
198.3485     0.008323948
28.6111     0.010963482
117.2486     0.010494347
171.3215     0.009073002
44.7363     0.013519305
78.8203     0.011003921
-50.3002     0.019346588
-56.4021     0.021434389
5.0832     0.014230095
9.2452     0.015382083
71.9178     0.01175931
-103.4854     0.018983725
23.8468     0.013274078
99.0264     0.011509665
50.2583     0.012864003
86.7904     0.011894015
63.3454     0.009890365
33.7962     0.012834483
-42.9311     0.015221256
105.2004     0.010920893
-20.208     0.018493039
-33.9385     0.018214306
-19.2473     0.015276481
182.8148     0.008487336
220.815     0.00763582
126.8276     0.009510404
-18.3254     0.015504237
50.6807     0.01122744
27.0925     0.014228435
-110.9327     0.019720637
-107.1964     0.025439208
50.2131     0.012756485
148.2483     0.009840941
106.2526     0.010669421
52.2228     0.014285388
67.283     0.012819905
21.1131     0.013799899
100.4849     0.008987068
-73.5077     0.028281423
12.9596     0.014178384
58.1484     0.011327222
-47.8474     0.017252683
60.9813     0.010270789
-1.8342     0.014625164
58.6803     0.01052059
44.7487     0.012136968
123.5402     0.009045378
-9.858     0.018873444
-20.1122     0.019121848
-178.556     0.039341115
87.5545     0.01016222
51.9304     0.013933379
-31.7358     0.018178017
161.6679     0.008765479
144.8889     0.01078102
7.6507     0.014114207
275.8289     0.007202753
137.0376     0.009639613
160.9465     0.008131106
-48.707     0.016544102
32.3039     0.013367679
-10.1312     0.016003201
-44.8544     0.019331815
10.342     0.016150106
110.1819     0.009093505
-85.7271     0.02186777
186.3155     0.008261547
44.8777     0.011850728
-45.957     0.024740105
-156.1966     0.027818114
90.1746     0.011651413
-17.6164     0.015710623
-65.2468     0.020489662
57.0206     0.012564471
-72.3528     0.019648489
100.0225     0.010608189
185.7619     0.009176459
-16.8418     0.016841027
50.2503     0.011966546
58.2327     0.011924082
13.4201     0.01612027
155.1418     0.009170038
-34.8684     0.015430313
8.6944     0.016058272
-125.9191     0.033244791
97.1998     0.011117522
130.0085     0.011196528
21.6768     0.0148026
47.2539     0.012014105
59.4554     0.012325532
-17.7368     0.014969455
172.8754     0.008172539
-3.3788     0.013242122
-82.8978     0.026162532
85.4855     0.010416992
60.9184     0.01350335
106.371     0.009929885
118.6002     0.009125178
147.8143     0.009945449
38.5618     0.015396411
-59.0893     0.023744453
-19.2039     0.01543148
-60.7475     0.022960742
-21.5672     0.013623403
208.1082     0.008537406
-93.106     0.02442772
100.3939     0.012642625
39.7672     0.012386156
168.1823     0.010321505
53.7241     0.011418028
-64.1609     0.016506172
7.9678     0.015094795
48.905     0.011418706
41.3382     0.010837089
198.2211     0.008951414
64.4619     0.011212975
-64.5382     0.021420523
238.524     0.007210044
15.767     0.014741261
-29.8974     0.017870003
159.3542     0.009780028
65.9014     0.014503326
-79.2176     0.022773648
81.9761     0.01135423
138.4289     0.010270272
144.768     0.010263347
153.1366     0.009732417
67.9861     0.013538908
141.3767     0.00888131
159.8993     0.008756445
145.5826     0.008970814
-23.6875     0.017411077
152.9225     0.008303799
-137.3492     0.040861023
177.5476     0.008446017
-45.4229     0.021319007
-36.5645     0.015535597
0.9531     0.017277155
-7.1716     0.015735815
163.0878     0.009360754
58.1692     0.011726533
38.6674     0.01758319
176.3096     0.008765986
144.2132     0.009016287
94.6831     0.011614415
41.5349     0.014311639
29.2151     0.015257695
153.7898     0.009912522
84.9418     0.009879119
83.3611     0.012525129
28.0209     0.015338976
34.4761     0.011171874
-20.953     0.019612996
8.4347     0.017151129
46.849     0.014818174
1.1311     0.014919138
46.221     0.012318275
-87.6545     0.016414539
203.5283     0.008929536
127.7247     0.009613878
39.3784     0.011182068
44.5665     0.012607081
98.1134     0.010709195
100.0257     0.00968965
90.2363     0.011388328
64.4535     0.009736842
-44.8252     0.021258955
57.9107     0.014114864
206.3066     0.008200035
83.9029     0.01064029
-18.1539     0.015743941
59.6051     0.012590193
-34.4758     0.01768528
140.6457     0.009195943
42.1277     0.013282611
-11.2336     0.014855729
-82.8091     0.021782601
-58.6604     0.018099842
-64.0669     0.018533929
48.3713     0.013630218
-28.3821     0.017669031
151.7658     0.010072025
-6.5356     0.016585508
-74.4093     0.02105671
140.9731     0.010127659
-44.2184     0.019093954
-18.9673     0.01591371
273.3589     0.007173153
-55.737     0.018630023
10.3525     0.013062709
95.867     0.011240666
-53.0036     0.019731338
280.5195     0.007455698
38.929     0.011654455
-15.8987     0.015361597
82.6337     0.012579961
45.0498     0.014019268
-97.2991     0.018575725
82.3463     0.010665654
141.3376     0.012555401
136.4413     0.008811038
71.4092     0.011214773
47.2     0.011080173
81.5253     0.010324606
142.7952     0.009499013
39.4573     0.012066452
86.9039     0.014108412
56.6327     0.013562945
-27.1169     0.016235453
39.4778     0.012053624
243.8374     0.007451404
-19.7102     0.014632248
131.0848     0.011015521
234.3934     0.007663622
176.1471     0.008523718
104.7158     0.009330882
26.8041     0.012486218
84.0923     0.010269271
2.1316     0.012677983
-62.7093     0.020748308
166.8515     0.008245253
57.9299     0.01425781