0.769497663     0.178031422
0.78365679     0.175378883
0.792194103     0.17381738
1.795982942     0.084919216
1.472184638     0.101697247
0.592855602     0.219436182
0.335771008     0.331716101
1.025006557     0.13985937
0.035426299     0.824702958
1.044907438     0.137562091
0.604311824     0.216175508
0.541149691     0.235465972
1.74451691     0.087205996
0.712615022     0.189548661
0.670316129     0.199127948
0.607026098     0.215417119
0.797021246     0.172946723
1.009046062     0.141757984
0.501280854     0.249520601
1.727343377     0.087996717
0.950636038     0.149168767
1.459725698     0.102476297
1.778672984     0.085674842
0.6319616     0.208691169
0.514627689     0.24463239
0.554506758     0.231104837
0.88746481     0.158108045
0.325461886     0.338664899
1.565054279     0.096243374
0.459265609     0.266269488
0.688171783     0.194968613
0.826626436     0.167792031
0.196456884     0.458980604
0.711621967     0.189762978
0.955207386     0.148560943
1.058366822     0.136050702
0.629449121     0.209349782
0.931105776     0.1518226
0.803773107     0.171743442
0.951827476     0.14900987
1.331159526     0.111272368
0.651054168     0.20381854
1.0091228     0.141748733
1.047903654     0.137222739
0.594610927     0.218930214
1.25355348     0.117352698
1.60701268     0.093966628
0.922329721     0.153046115
1.196185397     0.122292559
0.429699074     0.279470559
1.266030611     0.116330693
0.906531798     0.155299017
0.246199422     0.403682141
1.318640332     0.112210248
0.849763981     0.163972492
1.203559694     0.121634404
0.458716502     0.266503282
0.957473165     0.148261508
1.089772811     0.132649976
0.74792388     0.182230909
1.034278855     0.13877954
0.792069048     0.173840052
1.294315896     0.114078478
1.696768439     0.089440553
0.869064027     0.160916991
1.795168944     0.084954451
0.735818506     0.184675241
1.671981297     0.090646317
1.065227255     0.135293034
0.554222541     0.231195952
0.455267243     0.267981315
1.160431455     0.125587298
1.672359874     0.090627657
1.485005103     0.100907862
1.146918069     0.126879266
0.148328698     0.529108315
1.361649199     0.1090525
0.353292424     0.320538038
1.077748155     0.13393176
0.922291067     0.153051548
1.054671432     0.13646235
1.663767423     0.091053083
1.154803956     0.126122113
1.487398211     0.100761868
0.80406244     0.171692252
0.941441047     0.150406558
0.514197953     0.244786793
1.238572397     0.118603781
0.919231186     0.153482822
1.487829084     0.100735627
1.306180254     0.113159531
0.866212193     0.161361291
0.985520844     0.144652381
0.156852937     0.515167133
0.161882442     0.507280836
0.636958137     0.207393632
1.32702701     0.111580218
1.136565177     0.127887196
1.792740593     0.085059737
0.779237783     0.176198206
1.837962943     0.083140878
0.808720759     0.170872273
0.538579232     0.236324191
1.685043915     0.090006866
0.742217369     0.183375062
0.258943717     0.391594456
0.735554184     0.184729345
1.078870812     0.133811041
1.438708412     0.103817898
1.354432359     0.109569899
1.6254038     0.093002295
1.501747763     0.099895244
1.03554419     0.138633473
1.199826218     0.121966729
1.63866878     0.092318947
0.661662287     0.201208307
1.105680442     0.130991508
0.097994987     0.62973485
1.242996521     0.118231552
0.632713639     0.208494837
1.139744429     0.127575973
0.497556473     0.250919694
1.170370527     0.124653725
0.260203367     0.390438901
0.768604084     0.178201517
1.728005034     0.087965987
0.8610906     0.162165398
1.076702804     0.134044361
1.219034746     0.120276031
0.313290573     0.347253157
0.764765448     0.178935925
1.083831537     0.133280213
0.734057496     0.1850363
0.602058551     0.216809157
0.20170012     0.452447595
1.026117277     0.139729133
0.833879656     0.166575663
1.697375526     0.089411424
0.479615553     0.257885273
1.076818765     0.134031861
0.43123612     0.278752116
0.854678663     0.163183462
1.72003786     0.08833745
1.132797595     0.128257984
0.960466539     0.147867764
0.708091423     0.190528866
1.431613216     0.104278774
0.800712658     0.172286778
1.589944875     0.094879638
1.406239451     0.105960976
0.263952759     0.387039359
1.614431883     0.093575208
0.92944538     0.152052582
0.561291588     0.228950858
1.526871418     0.098413297
0.632011622     0.208678099
1.039456722     0.138183761
0.624143356     0.210754368
0.547350171     0.233421199
0.58362082     0.222137074
1.78086714     0.085578318
0.91624577     0.153905949
0.054393811     0.753941493
1.738430117     0.087484619
1.752611413     0.086838207
1.066963821     0.135102584
0.804929303     0.171539068
1.936393008     0.079249614
0.639393309     0.206767079
0.372500952     0.309118465
1.470395207     0.10180841
0.53640895     0.237053686
1.078406401     0.133860952
1.186308853     0.123185279
1.042450097     0.137841664
0.861249762     0.162140289
1.810293841     0.0843045
0.753295015     0.181166966
0.83815826     0.165866374
0.960351715     0.147882829
1.149235575     0.126655812
1.02990987     0.139286257
0.695295401     0.19335731
1.060485377     0.135815825
1.646972467     0.091896267
1.075464186     0.134178027
0.365717258     0.313057286
0.875781214     0.159880095
1.422797939     0.104857111
0.048845893     0.773350133
1.05067136     0.136910754
0.726492206     0.186603606
1.437921699     0.103868799
1.046021569     0.137435708
0.6246504     0.210619325
1.693651145     0.089590427
1.779702987     0.085629503
0.191406914     0.465453682
1.225536496     0.119714328
1.062759113     0.135564643
1.296867029     0.113879624
0.648364906     0.204491056
1.329399086     0.111403303
0.181636667     0.47851011
0.617052708     0.212661154
0.759840534     0.179887071
0.350368398     0.3223508
0.897407861     0.156630633
0.868074383     0.161070895
0.757519618     0.180338823
0.974534148     0.146044994
0.764210088     0.179042678
0.549593213     0.232690217
1.533379989     0.098036525
1.769168764     0.086095473
1.347629907     0.110062104
1.034509071     0.138752941
1.420886863     0.104983337
1.740255928     0.087400856
0.29937303     0.357623327
0.803112019     0.171860517
1.576799266     0.095595023
0.844794729     0.16477808
1.610464213     0.093784126
1.81214921     0.084225455
1.074342665     0.134299286
0.533342816     0.238092013
0.091296559     0.646086923
1.204349817     0.121564306
1.268236136     0.116151886
1.330778676     0.111300668
1.407251264     0.105892857
1.023551365     0.140030366
0.361417622     0.315606183
0.992101039     0.143830956
0.432403683     0.278208839
1.120631967     0.129470087
0.486079787     0.255331401
1.634454409     0.09253496
0.133603978     0.555054813
0.303736331     0.354306132
0.581398242     0.222797066
1.199287342     0.122014845
1.354334588     0.109576942
1.492094614     0.100476584
1.051632583     0.136802733
1.383306542     0.10752874
0.271885827     0.380038123
1.026117277     0.139729133
1.173007493     0.124408361
0.210203896     0.442238485
1.087829903     0.132855418
1.106775815     0.130878834
1.391933099     0.106933589
0.337705958     0.330443522
0.066026248     0.716251575
0.83120972     0.167021355
0.489054971     0.254172895
0.488280764     0.25447335
0.805053221     0.171517192
1.614757028     0.093558128
0.660313961     0.201536361
1.145919898     0.126975752
1.017005277     0.140804779
0.834324171     0.166501691
0.895180167     0.156959235
0.334009999     0.332882833
0.229455625     0.420745487
1.151276822     0.126459646
0.347689936     0.32402941
0.22920324     0.421013732
1.794761945     0.084972079
1.060986167     0.135760422
1.278853918     0.115298716
1.1234298     0.129189306
0.876530978     0.159765187
0.788518608     0.174486219
1.378856839     0.107838325
0.841379577     0.16533633
0.873926981     0.160164986
1.144044634     0.127157419
0.777085122     0.176600107
1.132757805     0.128261912
1.205972697     0.121420579
0.560560582     0.229180998
0.938705741     0.150778747
1.424001882     0.104777747
1.383203087     0.107535918
1.905924935     0.08041462
1.843306225     0.082919858
0.470589955     0.261537756
0.541731768     0.235272494
1.012183818     0.141380666
1.82218321     0.083800526
1.174876504     0.124235038
0.500525973     0.249802916
1.037269956     0.138434751
0.178555754     0.48278054
1.345878561     0.110189543
1.503268893     0.09980425