0.235377456     0.0016
0.267546386     0.01679616
0.237829513     0.00234256
0.253084869     0.00531441
0.258317767     0.00707281
0.247337947     0.00456976
0.246278546     0.00331776
0.262697311     0.00923521
0.247337947     0.00390625
0.258317767     0.00707281
0.248425498     0.00707281
0.255622219     0.01048576
0.248425498     0.0081
0.241363138     0.00331776
0.249542515     0.00707281
0.250690398     0.0081
0.244239337     0.00531441
0.236177337     0.00279841
0.250690398     0.0081
0.26425737     0.01679616
0.247337947     0.00614656
0.244239337     0.00614656
0.231616156     0.00194481
0.248425498     0.00531441
0.235377456     0.00279841
0.248425498     0.00707281
0.244239337     0.00531441
0.241363138     0.00331776
0.228204911     0.0016
0.235377456     0.00279841
0.219593112     0.00083521
0.243257281     0.00614656
0.255622219     0.01048576
0.249542515     0.00707281
0.247337947     0.00614656
0.234594206     0.00331776
0.249542515     0.00707281
0.253084869     0.00923521
0.251870649     0.0081
0.261189257     0.01500625
0.240449173     0.00390625
0.249542515     0.00707281
0.253084869     0.00923521
0.242298871     0.00456976
0.254334778     0.00923521
0.244239337     0.00531441
0.248425498     0.00707281
0.240449173     0.00390625
0.255622219     0.01048576
0.23021289     0.00194481
0.249542515     0.00707281
0.239556116     0.00279841
0.240449173     0.00279841
0.233826998     0.00234256
0.255622219     0.0081
0.244239337     0.00279841
0.247337947     0.00456976
0.242298871     0.00331776
0.258317767     0.00923521
0.242298871     0.00331776
0.249542515     0.00531441
0.247337947     0.00456976
0.255622219     0.01048576
0.244239337     0.00531441
0.256949171     0.0081
0.225090817     0.00130321
0.246278546     0.00331776
0.226303705     0.00130321
0.255622219     0.00614656
0.255622219     0.00614656
0.261189257     0.0081
0.249542515     0.00390625
0.254334778     0.00707281
0.265872586     0.01185921
0.255622219     0.00614656
0.244239337     0.00279841
0.239556116     0.00234256
0.255622219     0.00614656
0.255622219     0.00614656
0.243257281     0.00279841
0.269282508     0.01874161
0.236994472     0.00234256
0.256949171     0.00923521
0.259730302     0.01048576
0.236994472     0.00331776
0.271085031     0.0256
0.254334778     0.00707281
0.26425737     0.01336336
0.253084869     0.00707281
0.235377456     0.00279841
0.220623949     0.00065536
0.228204911     0.0016
0.251870649     0.00614656
0.255622219     0.0081
0.251870649     0.00614656
0.250690398     0.00614656
0.231616156     0.00194481
0.244239337     0.00390625
0.251870649     0.00614656
0.261189257     0.0081
0.244239337     0.00390625
0.259730302     0.0081
0.249542515     0.00531441
0.249542515     0.00531441
0.236177337     0.00234256
0.254334778     0.00707281
0.249542515     0.00531441
0.244239337     0.00390625
0.262697311     0.01679616
0.231616156     0.0016
0.233826998     0.00194481
0.247337947     0.00456976
0.241363138     0.00390625
0.259730302     0.01048576
0.237829513     0.00331776
0.241363138     0.00331776
0.236177337     0.00234256
0.256949171     0.00923521
0.235377456     0.00194481
0.259730302     0.01048576
0.231616156     0.0016
0.253084869     0.0081