0.769497663     -2.219120861
0.78365679     -2.214956328
0.792194103     -2.212520873
1.795982942     -2.091101652
1.472184638     -2.111689188
0.592855602     -2.28893648
0.335771008     -2.53807215
1.025006557     -2.162349716
0.035426299     -19.13188932
1.044907438     -2.159137823
0.604311824     -2.283088582
0.541149691     -2.318639481
1.74451691     -2.093851406
0.712615022     -2.237613194
0.670316129     -2.253520937
0.607026098     -2.281737538
0.797021246     -2.211168074
1.009046062     -2.165020832
0.501280854     -2.346062415
1.727343377     -2.094806268
0.950636038     -2.175593203
1.459725698     -2.112668832
1.778672984     -2.092008338
0.6319616     -2.269903116
0.514627689     -2.336372162
0.554506758     -2.310397397
0.88746481     -2.18866463
0.325461886     -2.557299176
1.565054279     -2.104890862
0.459265609     -2.38056611
0.688171783     -2.246553411
0.826626436     -2.203233566
0.196456884     -3.005251365
0.711621967     -2.237963766
0.955207386     -2.174717186
1.058366822     -2.15703661
0.629449121     -2.271050367
0.931105776     -2.179436871
0.803773107     -2.209304491
0.951827476     -2.175364041
1.331159526     -2.123881183
0.651054168     -2.26149211
1.0091228     -2.165007779
1.047903654     -2.15866522
0.594610927     -2.288024861
1.25355348     -2.131798006
1.60701268     -2.102083489
0.922329721     -2.181219356
1.196185397     -2.138332769
0.429699074     -2.40927045
1.266030611     -2.130457629
0.906531798     -2.184518858
0.246199422     -2.767894761
1.318640332     -2.125093354
0.849763981     -2.197435434
1.203559694     -2.137456715
0.458716502     -2.381062547
0.957473165     -2.17428622
1.089772811     -2.152342915
0.74792388     -2.225785612
1.034278855     -2.160837245
0.792069048     -2.21255615
1.294315896     -2.127517684
1.696768439     -2.096555226
0.869064027     -2.192845986
1.795168944     -2.091143889
0.735818506     -2.229705788
1.671981297     -2.098021181
1.065227255     -2.15598679
0.554222541     -2.31056834
0.455267243     -2.38421075
1.160431455     -2.142743583
1.672359874     -2.097998457
1.485005103     -2.110698741
1.146918069     -2.144484784
0.148328698     -3.429758592
1.361649199     -2.121025004
0.353292424     -2.508258011
1.077748155     -2.15410651
0.922291067     -2.181227285
1.054671432     -2.157607973
1.663767423     -2.098516831
1.154803956     -2.143463564
1.487398211     -2.110515802
0.80406244     -2.209225367
0.941441047     -2.17738212
0.514197953     -2.336675717
1.238572397     -2.133444207
0.919231186     -2.181857176
1.487829084     -2.110482929
1.306180254     -2.126323581
0.866212193     -2.193510665
0.985520844     -2.169122117
0.156852937     -3.330688606
0.161882442     -3.278326095
0.636958137     -2.267650178
1.32702701     -2.124278709
1.136565177     -2.145847753
1.792740593     -2.091270122
0.779237783     -2.216238982
1.837962943     -2.088975239
0.808720759     -2.207959621
0.538579232     -2.320275996
1.685043915     -2.097243132
0.742217369     -2.227616805
0.258943717     -2.723981581
0.735554184     -2.229792903
1.078870812     -2.15394013
1.438708412     -2.11436094
1.354432359     -2.121689096
1.6254038     -2.100899779
1.501747763     -2.109431423
1.03554419     -2.160633028
1.199826218     -2.137898855
1.63866878     -2.1000629
0.661662287     -2.257041267
1.105680442     -2.150070896
0.097994987     -4.524537993
1.242996521     -2.132953799
0.632713639     -2.269561604
1.139744429     -2.145426474
0.497556473     -2.348866683
1.170370527     -2.141489472
0.260203367     -2.719910582
0.768604084     -2.219389099
1.728005034     -2.09476912
0.8610906     -2.194715926
1.076702804     -2.154261756
1.219034746     -2.135653895
0.313290573     -2.581837042
0.764765448     -2.220548899
1.083831537     -2.15320922
0.734057496     -2.230287429
0.602058551     -2.284220029
0.20170012     -2.973606723
1.026117277     -2.162167041
0.833879656     -2.201379668
1.697375526     -2.096519872
0.479615553     -2.363036496
1.076818765     -2.154244519
0.43123612     -2.407672222
0.854678663     -2.196246157
1.72003786     -2.095218376
1.132797595     -2.14635016
0.960466539     -2.173720108
0.708091423     -2.239218547
1.431613216     -2.114943707
0.800712658     -2.210145118
1.589944875     -2.103207142
1.406239451     -2.11707728
0.263952759     -2.708057853
1.614431883     -2.10160264
0.92944538     -2.179771417
0.561291588     -2.306371695
1.526871418     -2.107583226
0.632011622     -2.269880374
1.039456722     -2.160004839
0.624143356     -2.273505383
0.547350171     -2.314759744
0.58362082     -2.29382902
1.78086714     -2.091892412
0.91624577     -2.18247597
0.054393811     -8.705044989
1.738430117     -2.094187629
1.752611413     -2.093407982
1.066963821     -2.155723273
0.804929303     -2.20898866
1.936393008     -2.084358445
0.639393309     -2.26656572
0.372500952     -2.479140016
1.470395207     -2.111828842
0.53640895     -2.321670856
1.078406401     -2.154008913
1.186308853     -2.139523723
1.042450097     -2.159527533
0.861249762     -2.194678244
1.810293841     -2.090365438
0.753295015     -2.224088731
0.83815826     -2.200301835
0.960351715     -2.173741756
1.149235575     -2.144183163
1.02990987     -2.161546376
0.695295401     -2.243879281
1.060485377     -2.156710913
1.646972467     -2.099546053
1.075464186     -2.15444611
0.365717258     -2.48903579
0.875781214     -2.191298293
1.422797939     -2.115676077
0.048845893     -10.28772259
1.05067136     -2.158231146
0.726492206     -2.232820002
1.437921699     -2.114425265
1.046021569     -2.158961759
0.6246504     -2.273268852
1.693651145     -2.096737174
1.779702987     -2.091953883
0.191406914     -3.037712953
1.225536496     -2.134910476
1.062759113     -2.156362859
1.296867029     -2.127259022
0.648364906     -2.262645011
1.329399086     -2.124050217
0.181636667     -3.106780203
0.617052708     -2.276856466
0.759840534     -2.22205497
0.350368398     -2.513002556
0.897407861     -2.186479733
0.868074383     -2.193076125
0.757519618     -2.222771869
0.974534148     -2.171108106
0.764210088     -2.220717709
0.549593213     -2.313379369
1.533379989     -2.107114563
1.769168764     -2.09251388
1.347629907     -2.122321761
1.034509071     -2.160800051
1.420886863     -2.115836081
1.740255928     -2.094086522
0.29937303     -2.612669044
0.803112019     -2.209485506
1.576799266     -2.104089583
0.844794729     -2.19865265
1.610464213     -2.101859226
1.81214921     -2.09027086
1.074342665     -2.154613416
0.533342816     -2.323662288
0.091296559     -4.803824673
1.204349817     -2.137363507
1.268236136     -2.130223526
1.330778676     -2.123917712
1.407251264     -2.116990687
1.023551365     -2.162589667
0.361417622     -2.495521586
0.992101039     -2.16795457
0.432403683     -2.40646648
1.120631967     -2.147996336
0.486079787     -2.357800551
1.634454409     -2.100327274
0.133603978     -3.639810962
0.303736331     -2.60265875
0.581398242     -2.295031332
1.199287342     -2.137962907
1.354334588     -2.121698143
1.492094614     -2.110158543
1.051632583     -2.158080948
1.383306542     -2.119074901
0.271885827     -2.684215043
1.026117277     -2.162167041
1.173007493     -2.141160429
0.210203896     -2.926274291
1.087829903     -2.152625133
1.106775815     -2.149916939
1.391933099     -2.118315521
0.337705958     -2.534609685
0.066026248     -6.717973371
0.83120972     -2.20205815
0.489054971     -2.355441006
0.488280764     -2.356052016
0.805053221     -2.208954867
1.614757028     -2.101581671
0.660313961     -2.25759857
1.145919898     -2.144615084
1.017005277     -2.163677902
0.834324171     -2.20126715
0.895180167     -2.186964841
0.334009999     -2.541262407
0.229455625     -2.83430986
1.151276822     -2.143918537
0.347689936     -2.517426742
0.22920324     -2.835398201
1.794761945     -2.091165021
1.060986167     -2.156634121
1.278853918     -2.129108168
1.1234298     -2.147614481
0.876530978     -2.19112708
0.788518608     -2.213562595
1.378856839     -2.119470422
0.841379577     -2.199497923
0.873926981     -2.191723037
1.144044634     -2.144860515
0.777085122     -2.216869366
1.132757805     -2.146355484
1.205972697     -2.137172458
0.560560582     -2.306800411
0.938705741     -2.177921335
1.424001882     -2.115575504
1.383203087     -2.119084067
1.905924935     -2.085735501
1.843306225     -2.088711685
0.470589955     -2.37060823
0.541731768     -2.31827121
1.012183818     -2.164488788
1.82218321     -2.089762785
1.174876504     -2.140928136
0.500525973     -2.34662716
1.037269956     -2.160355335
0.178555754     -3.130480504
1.345878561     -2.122485712
1.503268893     -2.109317719