6.8335     3.178335344
7.8893     4.640452548
6.0553     3.169665541
6.9311     3.649441846
4.8225     2.520083175
9.2697     5.493136735
7.8757     4.14274453
10.6714     6.738620746
2.4014     3.59187246
6.4886     2.772102596
9.7149     5.986583499
8.8248     4.902146994
7.2836     3.823458176
4.9013     2.914626819
7.6022     3.772747877
7.1543     3.81957423
5.7529     3.226452465
3.868     2.199557309
1.6657     3.233679182
7.172     3.958358386
6.9539     3.736406691
6.9752     3.530159547
3.4951     2.820401981
6.5202     3.384108533
5.5437     2.68120826
2.1975     3.550139107
8.6374     4.87136478
8.835     5.080787602
8.3233     4.688071738
4.9656     1.110749889
3.7567     2.130227092
10.5377     6.677870327
4.5981     2.77677631
5.7207     2.850826707
6.7373     3.534434147
2.5337     2.964950986
1.1768     4.513967732
4.8094     3.120579595
6.3101     2.937768395
7.2849     3.999795028
4.8834     2.41851822
8.5521     4.633098679
4.049     1.998437046
9.5861     5.590067952
8.2403     4.486728513
5.5325     2.642251846
6.6182     3.618687711
8.9541     5.149451626
3.3336     2.239577162
8.6359     4.83430062
6.1347     2.991804458
6.6221     2.910510809
6.2339     2.79287645
8.0428     4.463489102
4.6545     2.656824212
6.1386     2.543321412
6.4044     3.105971805
6.8897     3.271529982
3.4261     2.876513602
7.0022     3.505591352
6.5607     3.803083211
7.5289     3.985232757
4.9042     2.934511675
3.242     3.358897399
4.7136     2.609936056
7.5579     3.382251978
7.3255     3.246305114
4.7952     2.386079184
4.9405     2.628570706
3.546     2.966860966
6.932     3.473465134
5.6015     2.526181994
5.4816     2.482125954
8.4516     4.563546779
1.8334     3.3825017
6.4098     3.155036126
7.0652     3.225319773
4.0334     2.607192667
6.6433     3.39648613
5.0565     3.181502933
4.3934     2.322609697
5.5115     2.520250487
5.1639     2.847516886
6.6773     2.973953822
9.5866     5.591179275
5.2544     2.489214533
7.7579     3.593515641
4.3312     2.832919592
2.8019     2.638798604
4.1167     2.447314399
4.2101     2.724135864
9.0067     5.217059537
5.7441     2.990683105
8.4511     4.836777659
6.3173     2.957489643
7.9087     4.11793635
6.5596     3.647126554
4.1667     3.517412434
4.8934     2.814284315
4.0655     2.618029777
9.2492     5.560050411
5.7328     2.794454797
2.8425     3.30373192
10.1802     6.035518787
3.0519     2.831684501
4.4597     1.919092548
7.789     4.149821341
8.3407     4.674477847
8.1149     4.361213898
8.2029     4.314003767
5.9663     2.993699769
3.8729     2.748414062
5.11     3.207527546
6.4982     3.094552965
6.2225     2.70934935
4.0879     2.316684682
5.2775     2.203459325
7.9192     4.151569563
4.8812     2.700937549
4.3088     2.979394996
4.0492     2.127994889
7.7457     4.245167328
3.1116     3.491444795
5.3692     2.459584861
6.6622     3.29447307
6.3573     3.25652179
4.7185     2.930359938
3.5719     3.09571914
5.6806     2.94017626
4.4956     2.381213199
11.3485     7.273813201
7.4353     4.414364682
1.1128     4.231266217
6.1565     2.922863182
7.8514     4.355922792
6.6123     3.532890577
4.7281     3.240249453
7.6295     3.652262333
3.2736     2.658752081
4.3956     2.266496341
4.2191     3.302950215
3.0608     2.871292
4.0342     2.374114534
8.7703     4.783954535
4.3971     2.27336546
7.0803     3.72108636
5.9672     3.255865011
8.5585     4.813245272
5.5319     3.219365335
3.9039     2.512796312
5.6774     2.550683803
5.1843     3.004730688
5.9524     2.971817056
3.491     2.438569728
8.8836     5.227929855
12.142     8.000354621
6.7188     2.837558526
0.7196     4.028834429
9.2876     5.229365922
2.9971     2.291439393
3.7631     1.158893658
7.4101     3.642405813
7.9652     4.310521029
5.263     2.830495904
7.5178     3.663036774
8.1481     4.569922434
5.2515     2.957746003
7.5805     4.094272493
4.1672     3.160520544
7.3926     4.260576212
6.6028     3.482938679
4.1858     2.594018084
7.7589     4.35232592
6.4491     3.644147681
7.8719     4.285085538
5.4875     2.796530883
8.3444     4.722964395
4.2327     2.730466801
7.5545     4.063544799
7.2857     3.868560275
2.3471     3.635151573
5.6089     2.476402828
4.697     2.133252298
7.067     3.390666051
8.1923     4.729049934
7.9729     4.265675635
3.9037     3.142194917
2.2854     3.104893477
4.4442     2.493997277
6.6191     3.552084618
5.7289     2.40964093
3.1707     2.711212865
5.1743     3.223304913
8.2525     4.431348405
2.3539     3.1814465
5.9306     3.491371842
7.7128     4.145181339
4.1222     2.684812114
4.8282     2.994862716
4.1293     2.443462995
4.8265     2.740220793
6.0773     3.363146546
5.7251     2.845447985
6.7508     3.154465763
3.3036     2.948056627
5.8832     2.931839086
8.8297     5.033367834
6.5049     3.471176282
6.5098     3.19374785
7.4173     3.741496659
4.686     2.065389135
8.1396     4.710486608
5.5629     2.28688512
2.1334     3.400379682
0.8571     4.715838001
6.5441     3.413116267
5.3091     2.498235084
2.3667     2.926417152
5.4917     2.395746615
9.3654     5.894401006
5.232     2.523974023
3.5077     2.780258795
7.7892     4.692482753
7.5712     3.813866693
9.3706     5.683145757
8.5131     4.889653119
2.8748     3.320709322
9.2099     5.152658616
8.4662     4.69215398
5.8608     2.330525878
5.8765     2.507412841
7.2666     3.91716209
4.7442     3.118736855
7.1606     3.613025764
8.0765     4.249226618
7.0983     3.866670203
6.6838     3.236630713
2.5316     3.448864264
3.8513     2.543140402
7.5505     3.274066042
8.4956     4.444421914
5.4251     3.028716566
1.4748     4.172375001
6.8769     3.375467338
9.7764     6.198663243
6.4043     3.088276901
4.1863     2.284880845
6.647     2.888752105
5.0945     2.64998048
9.7932     5.919628112
6.4606     3.781259592
5.9734     3.031806488
4.7997     2.818066734
5.446     3.088629871
5.3421     2.465428473
3.027     3.058359821
3.6314     2.784399539
5.6237     3.294560191
6.6818     3.681615211
7.5226     4.3670499
3.2816     2.904842016
12.0126     7.769747705
3.0679     3.725514202
6.8782     3.60458427
3.3764     2.606782278
4.7739     2.50365123
5.3287     2.572485189
7.1843     3.64024778
4.9988     2.933265407
7.9973     4.163814385
5.6254     3.196696909
5.764     3.035719093
6.1374     3.455926871
4.8351     3.013232041
5.4804     3.059743573
8.0128     4.413332289
5.3901     2.976937169
9.3578     5.527495984
6.2083     2.866100107
6.431     3.214960393
5.0991     2.803170462
4.1197     2.573802273
8.3658     4.718024356
6.6839     3.243182315
5.884     2.91859862
6.8099     3.261510673
6.938     3.674408144
3.0195     2.858150361
4.4946     2.683342469
4.9406     2.970689354
7.2206     3.153441985
4.7842     3.106398572
6.9997     3.764419567
4.6419     2.57775589
5.723     2.55885675
5.6074     2.540385539
9.8986     6.042570145
5.0563     2.49360377
7.5667     4.4487148
4.9212     2.862960196