0.769497663     1.555732306
0.78365679     1.558779466
0.792194103     1.560520767
1.795982942     1.244836027
1.472184638     1.47158503
0.592855602     1.500449985
0.335771008     1.35580226
1.025006557     1.580842183
0.035426299     1.050902642
1.044907438     1.580181946
0.604311824     1.505040299
0.541149691     1.477898708
1.74451691     1.291720502
0.712615022     1.541465151
0.670316129     1.528712798
0.607026098     1.506106659
0.797021246     1.561473483
1.009046062     1.581100014
0.501280854     1.458395975
1.727343377     1.306314441
0.950636038     1.579982531
1.459725698     1.477490583
1.778672984     1.26115129
0.6319616     1.51552684
0.514627689     1.465135004
0.554506758     1.484016057
0.88746481     1.575120232
0.325461886     1.348145949
1.565054279     1.421643588
0.459265609     1.43576094
0.688171783     1.534322243
0.826626436     1.566816011
0.196456884     1.237528865
0.711621967     1.541186934
0.955207386     1.580186835
1.058366822     1.57952207
0.629449121     1.514608223
0.931105776     1.578885803
0.803773107     1.56276758
0.951827476     1.580037693
1.331159526     1.528234292
0.651054168     1.522286179
1.0091228     1.581099352
1.047903654     1.580049955
0.594610927     1.501162732
1.25355348     1.550343816
1.60701268     1.395458136
0.922329721     1.578274688
1.196185397     1.562775395
0.429699074     1.418497543
1.266030611     1.547204437
0.906531798     1.576989392
0.246199422     1.283618726
1.318640332     1.532221429
0.849763981     1.570396035
1.203559694     1.561360041
0.458716502     1.435450543
0.957473165     1.580280735
1.089772811     1.577311403
0.74792388     1.550705144
1.034278855     1.580581361
0.792069048     1.56049578
1.294315896     1.539502267
1.696768439     1.331078741
0.869064027     1.572985587
1.795168944     1.245616123
0.735818506     1.54767962
1.671981297     1.350059889
1.065227255     1.579119409
0.554222541     1.48388803
0.455267243     1.433492007
1.160431455     1.568882603
1.672359874     1.34977713
1.485005103     1.465317397
1.146918069     1.570866838
0.148328698     1.188269326
1.361649199     1.517832265
0.353292424     1.368449475
1.077748155     1.578268937
0.922291067     1.578271834
1.054671432     1.579720403
1.663767423     1.356141295
1.154803956     1.569730424
1.487398211     1.46412584
0.80406244     1.562822034
0.941441047     1.579511403
0.514197953     1.464921348
1.238572397     1.553906309
0.919231186     1.57804138
1.487829084     1.463910577
1.306180254     1.536027499
0.866212193     1.572625586
0.985520844     1.581039383
0.156852937     1.197353141
0.161882442     1.202638116
0.636958137     1.517333486
1.32702701     1.529568567
1.136565177     1.572267448
1.792740593     1.247935707
0.779237783     1.557849821
1.837962943     1.202799717
0.808720759     1.56368743
0.538579232     1.476697773
1.685043915     1.340176202
0.742217369     1.549297316
0.258943717     1.294702042
0.735554184     1.547611907
1.078870812     1.57818538
1.438708412     1.487044853
1.354432359     1.520383687
1.6254038     1.383222733
1.501747763     1.456836907
1.03554419     1.580539438
1.199826218     1.562083296
1.63866878     1.3741009
0.661662287     1.525873975
1.105680442     1.575832309
0.097994987     1.131185411
1.242996521     1.552877663
0.632713639     1.515800479
1.139744429     1.571848352
0.497556473     1.456477172
1.170370527     1.56731006
0.260203367     1.295782163
0.768604084     1.555533315
1.728005034     1.305761466
0.8610906     1.571959372
1.076702804     1.578345659
1.219034746     1.55821554
0.313290573     1.338897025
0.764765448     1.554669437
1.083831537     1.577801765
0.734057496     1.547227157
0.602058551     1.504148897
0.20170012     1.242608527
1.026117277     1.580815243
0.833879656     1.567994275
1.697375526     1.330601767
0.479615553     1.446996904
1.076818765     1.5783372
0.43123612     1.419422937
0.854678663     1.57108961
1.72003786     1.31237122
1.132797595     1.572751474
0.960466539     1.58039731
0.708091423     1.540189623
1.431613216     1.490156048
0.800712658     1.562186555
1.589944875     1.406395238
1.406239451     1.500817865
0.263952759     1.298981019
1.614431883     1.390579085
0.92944538     1.578775813
0.561291588     1.487044853
1.526871418     1.443471428
0.632011622     1.515545061
1.039456722     1.580400187
0.624143356     1.512645918
0.547350171     1.480764059
0.58362082     1.496643768
1.78086714     1.259114675
0.91624577     1.577807923
0.054393811     1.076449443
1.738430117     1.296950825
1.752611413     1.284664972
1.066963821     1.579010377
0.804929303     1.562984688
1.936393008     1.088463229
0.639393309     1.518204275
0.372500952     1.381798617
1.470395207     1.472444404
0.53640895     1.475677813
1.078406401     1.578220091
1.186308853     1.564587331
1.042450097     1.58028383
0.861249762     1.571980457
1.810293841     1.230908541
0.753295015     1.552000314
0.83815826     1.568665317
0.960351715     1.580392996
1.149235575     1.570539116
1.02990987     1.580714427
0.695295401     1.536467592
1.060485377     1.579402507
1.646972467     1.368261649
1.075464186     1.578435217
0.365717258     1.377144911
0.875781214     1.573802573
1.422797939     1.493942052
0.048845893     1.069092511
1.05067136     1.579920447
0.726492206     1.545247627
1.437921699     1.487392644
1.046021569     1.580133862
0.6246504     1.512834762
1.693651145     1.333518704
1.779702987     1.260196365
0.191406914     1.23258502
1.225536496     1.556823668
1.062759113     1.579269433
1.296867029     1.538767348
0.648364906     1.521357664
1.329399086     1.528804881
0.181636667     1.222874557
0.617052708     1.509975847
0.759840534     1.553539554
0.350368398     1.366370438
0.897407861     1.576138407
0.868074383     1.572861547
0.757519618     1.552998679
0.974534148     1.580831185
0.764210088     1.554543237
0.549593213     1.481789658
1.533379989     1.439881482
1.769168764     1.269869725
1.347629907     1.522737723
1.034509071     1.580573847
1.420886863     1.494751275
1.740255928     1.295388645
0.29937303     1.328037188
0.803112019     1.562642852
1.576799266     1.41455078
0.844794729     1.56967098
1.610464213     1.39319782
1.81214921     1.229073021
1.074342665     1.578515047
0.533342816     1.474227462
0.091296559     1.123114903
1.204349817     1.561205217
1.268236136     1.546633138
1.330778676     1.528358008
1.407251264     1.500406482
1.023551365     1.580875707
0.361417622     1.374161133
0.992101039     1.581109234
0.432403683     1.420123808
1.120631967     1.574221043
0.486079787     1.450458211
1.634454409     1.37702629
0.133603978     1.172193201
0.303736331     1.33147488
0.581398242     1.495713493
1.199287342     1.562186555
1.354334588     1.52041787
1.492094614     1.461767538
1.051632583     1.579873765
1.383306542     1.509839111
0.271885827     1.305670183
1.026117277     1.580815243
1.173007493     1.566876706
0.210203896     1.250733054
1.087829903     1.577475471
1.106775815     1.575721545
1.391933099     1.506513415
0.337705958     1.357221391
0.066026248     1.091576633
0.83120972     1.56756651
0.489054971     1.45203401
0.488280764     1.451624998
0.805053221     1.563007879
1.614757028     1.390363512
0.660313961     1.525424561
1.145919898     1.571006389
1.017005277     1.581001654
0.834324171     1.56806482
0.895180167     1.575918527
0.334009999     1.354505806
0.229455625     1.268618165
1.151276822     1.570246154
0.347689936     1.364454972
0.22920324     1.268388163
1.794761945     1.246005689
1.060986167     1.57937362
1.278853918     1.543813699
1.1234298     1.573895685
0.876530978     1.57389107
0.788518608     1.55977993
1.378856839     1.511522823
0.841379577     1.569158801
0.873926981     1.57358139
1.144044634     1.571265959
0.777085122     1.557389943
1.132757805     1.572756513
1.205972697     1.560885285
0.560560582     1.486721055
0.938705741     1.57935573
1.424001882     1.493430148
1.383203087     1.509878502
1.905924935     1.126476817
1.843306225     1.197184997
0.470589955     1.442077497
0.541731768     1.478169592
1.012183818     1.581068415
1.82218321     1.219025083
1.174876504     1.566565451
0.500525973     1.458008417
1.037269956     1.580479809
0.178555754     1.219772121
1.345878561     1.523335824
1.503268893     1.456049667