0.769497663     0.893737345
0.78365679     0.906391231
0.792194103     0.913633418
1.795982942     -0.267177688
1.472184638     0.554083335
0.592855602     0.668466878
0.335771008     0.117599692
1.025006557     0.998749344
0.035426299     -0.860804849
1.044907438     0.995966644
0.604311824     0.686861735
0.541149691     0.578912788
1.74451691     -0.108610859
0.712615022     0.834819749
0.670316129     0.78261709
0.607026098     0.691143025
0.797021246     0.917599251
1.009046062     0.999836338
0.501280854     0.502558427
1.727343377     -0.058056776
0.950636038     0.995126399
1.459725698     0.577304565
1.778672984     -0.212663232
0.6319616     0.729095472
0.514627689     0.528827439
0.554506758     0.603071543
0.88746481     0.974671662
0.325461886     0.089996666
1.565054279     0.361427324
0.459265609     0.415212637
0.688171783     0.805526326
0.826626436     0.939883215
0.196456884     -0.291363079
0.711621967     0.83367622
0.955207386     0.995987243
1.058366822     0.993186628
0.629449121     0.725384092
0.931105776     0.990507172
0.803773107     0.922990013
0.951827476     0.995358816
1.331159526     0.780666737
0.651054168     0.756473613
1.0091228     0.999833549
1.047903654     0.99541048
0.594610927     0.671319399
1.25355348     0.871421266
1.60701268     0.263071213
0.922329721     0.987934656
1.196185397     0.92302258
0.429699074     0.349513708
1.266030611     0.858455428
0.906531798     0.98252739
0.246199422     -0.136430623
1.318640332     0.796936678
0.849763981     0.954858277
1.203559694     0.917126902
0.458716502     0.41402435
0.957473165     0.996382937
1.089772811     0.983881685
0.74792388     0.872915259
1.034278855     0.99764992
0.792069048     0.913529438
1.294315896     0.826756307
1.696768439     0.029027485
0.869064027     0.965711542
1.795168944     -0.264587299
0.735818506     0.860416276
1.671981297     0.096882273
1.065227255     0.99149081
0.554222541     0.602564914
0.455267243     0.406532447
1.160431455     0.948523496
1.672359874     0.0958644
1.485005103     0.5295401
1.146918069     0.956830162
0.148328698     -0.450688013
1.361649199     0.738419714
0.353292424     0.163538622
1.077748155     0.987910449
0.922291067     0.987922643
1.054671432     0.994022069
1.663767423     0.118825616
1.154803956     0.95207147
1.487398211     0.524885968
0.80406244     0.923216945
0.941441047     0.993141698
0.514197953     0.527992742
1.238572397     0.886166423
0.919231186     0.986952797
1.487829084     0.52404557
1.306180254     0.812507304
0.866212193     0.964201645
0.985520844     0.999580708
0.156852937     -0.42179394
0.161882442     -0.404882082
0.636958137     0.736401211
1.32702701     0.786106669
1.136565177     0.962699905
1.792740593     -0.256875296
0.779237783     0.902528087
1.837962943     -0.404363788
0.808720759     0.926824504
0.538579232     0.57418175
1.685043915     0.061429669
0.742217369     0.86709623
0.258943717     -0.098328829
0.735554184     0.860136821
1.078870812     0.98755879
1.438708412     0.615069858
1.354432359     0.748755406
1.6254038     0.217740174
1.501747763     0.496498365
1.03554419     0.997473221
1.199826218     0.920138965
1.63866878     0.184204379
0.661662287     0.771055184
1.105680442     0.977663288
0.097994987     -0.627226087
1.242996521     0.881905382
0.632713639     0.730201458
1.139744429     0.960942989
0.497556473     0.495101004
1.170370527     0.941947767
0.260203367     -0.094598116
0.768604084     0.89291186
1.728005034     -0.059982659
0.8610906     0.961408357
1.076702804     0.98823336
1.219034746     0.90404756
0.313290573     0.056860326
0.764765448     0.889329411
1.083831537     0.985944547
0.734057496     0.858549169
0.602058551     0.683285206
0.20170012     -0.274565397
1.026117277     0.998635776
0.833879656     0.944808063
1.697375526     0.027334751
0.479615553     0.458400055
1.076818765     0.988197755
0.43123612     0.353015298
0.854678663     0.957763418
1.72003786     -0.03690904
1.132797595     0.964729598
0.960466539     0.996874211
0.708091423     0.829578765
1.431613216     0.627420064
0.800712658     0.920569111
1.589944875     0.303930089
1.406239451     0.669939017
0.263952759     -0.083531082
1.614431883     0.244946922
0.92944538     0.990044091
0.561291588     0.615069858
1.526871418     0.444813018
0.632011622     0.729169107
1.039456722     0.996886334
0.624143356     0.717463566
0.547350171     0.590216265
0.58362082     0.653256757
1.78086714     -0.219506981
0.91624577     0.985970458
0.054393811     -0.788342129
1.738430117     -0.090558075
1.752611413     -0.132847878
1.066963821     0.991031693
0.804929303     0.923894846
1.936393008     -0.753663731
0.639393309     0.739925629
0.372500952     0.21248989
1.470395207     0.557456698
0.53640895     0.570166677
1.078406401     0.987704873
1.186308853     0.930578023
1.042450097     0.996395979
0.861249762     0.961496743
1.810293841     -0.313152218
0.753295015     0.878273301
0.83815826     0.947614502
0.960351715     0.996856027
1.149235575     0.955457486
1.02990987     0.998210799
0.695295401     0.814310215
1.060485377     0.992683038
1.646972467     0.162853254
1.075464186     0.988610313
0.365717258     0.195370806
0.875781214     0.969139386
1.422797939     0.642483806
0.048845893     -0.809388271
1.05067136     0.994864827
0.726492206     0.850386973
1.437921699     0.616449171
1.046021569     0.99576403
0.6246504     0.718225356
1.693651145     0.037696178
1.779702987     -0.215873496
0.191406914     -0.307645557
1.225536496     0.898266578
1.062759113     0.992122587
1.296867029     0.823739934
0.648364906     0.752705521
1.329399086     0.782992484
0.181636667     -0.33943709
0.617052708     0.706702743
0.759840534     0.884646862
0.350368398     0.155957563
0.897407861     0.978949706
0.868074383     0.965191263
0.757519618     0.882406529
0.974534148     0.998702981
0.764210088     0.888806235
0.549593213     0.594267452
1.533379989     0.431011575
1.769168764     -0.183241175
1.347629907     0.758306896
1.034509071     0.997618248
1.420886863     0.645708497
1.740255928     -0.095957678
0.29937303     0.018243698
0.803112019     0.922470246
1.576799266     0.334605213
0.844794729     0.951822648
1.610464213     0.254666889
1.81214921     -0.319172679
1.074342665     0.988946336
0.533342816     0.564462145
0.091296559     -0.651483887
1.204349817     0.916482305
1.268236136     0.856098751
1.330778676     0.781170935
1.407251264     0.668292816
1.023551365     0.998890666
0.361417622     0.184425093
0.992101039     0.999875213
0.432403683     0.355668842
1.120631967     0.970895857
0.486079787     0.471772029
1.634454409     0.194935206
0.133603978     -0.501284134
0.303736331     0.030433806
0.581398242     0.649545136
1.199287342     0.920569111
1.354334588     0.748893999
1.492094614     0.515685782
1.051632583     0.994668153
1.383306542     0.70615219
0.271885827     -0.060300498
1.026117277     0.998635776
1.173007493     0.940136815
0.210203896     -0.247555772
1.087829903     0.984571816
1.106775815     0.977197851
1.391933099     0.692776892
0.337705958     0.122733204
0.066026248     -0.744613939
0.83120972     0.943019683
0.489054971     0.477870355
0.488280764     0.476286847
0.805053221     0.923991507
1.614757028     0.244147593
0.660313961     0.76922679
1.145919898     0.957414767
1.017005277     0.999421641
0.834324171     0.945103039
0.895180167     0.978025605
0.334009999     0.112914637
0.229455625     -0.187477268
1.151276822     0.954230646
0.347689936     0.148983161
0.22920324     -0.18825529
1.794761945     -0.263293098
1.060986167     0.992561375
1.278853918     0.844480985
1.1234298     0.969530169
0.876530978     0.969510801
0.788518608     0.910551242
1.378856839     0.712934991
0.841379577     0.949679123
0.873926981     0.968211188
1.144044634     0.958502287
0.777085122     0.900617914
1.132757805     0.96475073
1.205972697     0.915150496
0.560560582     0.613785996
0.938705741     0.992486028
1.424001882     0.640444808
1.383203087     0.706310788
1.905924935     -0.641399976
1.843306225     -0.422330778
0.470589955     0.439450009
0.541731768     0.579980455
1.012183818     0.999703109
1.82218321     -0.351970462
1.174876504     0.938836417
0.500525973     0.501051393
1.037269956     0.997221901
0.178555754     -0.349541299
1.345878561     0.760736042
1.503268893     0.493440843