0.769497663     19.06218135
0.78365679     19.37465561
0.792194103     18.35491507
1.795982942     14.43823479
1.472184638     10.25113583
0.592855602     23.22741373
0.335771008     33.74586771
1.025006557     10.65353272
0.035426299     284.1868099
1.044907438     10.33339089
0.604311824     19.68722994
0.541149691     16.3463502
1.74451691     2.145923272
0.712615022     32.30531806
0.670316129     22.92231637
0.607026098     34.77171787
0.797021246     12.97833725
1.009046062     27.78737504
0.501280854     20.62648987
1.727343377     28.00732526
0.950636038     25.00486014
1.459725698     -4.406626221
1.778672984     12.87916041
0.6319616     17.5494979
0.514627689     39.58924252
0.554506758     15.60114382
0.88746481     10.66140491
0.325461886     29.78541615
1.565054279     17.97280789
0.459265609     31.65839141
0.688171783     17.72294207
0.826626436     5.794288626
0.196456884     63.91334605
0.711621967     24.32152911
0.955207386     16.00375993
1.058366822     25.09232583
0.629449121     17.81239562
0.931105776     5.993830748
0.803773107     18.9375211
0.951827476     34.56555697
1.331159526     2.601245917
0.651054168     21.03789332
1.0091228     21.37609348
1.047903654     13.95032703
0.594610927     20.86094361
1.25355348     11.80098254
1.60701268     7.136276406
0.922329721     15.7118481
1.196185397     28.88392618
0.429699074     29.29504404
1.266030611     31.08303871
0.906531798     20.66451969
0.246199422     62.03184742
1.318640332     15.42479718
0.849763981     10.37495413
1.203559694     17.88039869
0.458716502     23.28006546
0.957473165     -4.345912646
1.089772811     -10.1643199
0.74792388     3.58488328
1.034278855     12.80574615
0.792069048     2.282430502
1.294315896     19.34815497
1.696768439     1.082235016
0.869064027     17.34175363
1.795168944     11.06278252
0.735818506     22.67444006
1.671981297     31.2401849
1.065227255     15.93204782
0.554222541     9.228285842
0.455267243     29.57755418
1.160431455     0.801693068
1.672359874     2.358531584
1.485005103     4.914854594
1.146918069     14.01970973
0.148328698     64.50415414
1.361649199     14.71498662
0.353292424     35.05632866
1.077748155     3.102178374
0.922291067     28.90430714
1.054671432     11.52967977
1.663767423     31.1181904
1.154803956     4.303723274
1.487398211     -6.339744536
0.80406244     31.04792293
0.941441047     23.55807232
0.514197953     29.51056853
1.238572397     3.980900217
0.919231186     22.66231645
1.487829084     9.831500302
1.306180254     8.133961149
0.866212193     27.65284574
0.985520844     37.62970822
0.156852937     57.50539086
0.161882442     58.43450892
0.636958137     29.96117477
1.32702701     6.207980844
1.136565177     36.26922362
1.792740593     9.051113367
0.779237783     22.75032815
1.837962943     -2.497335039
0.808720759     11.13164531
0.538579232     37.8516106
1.685043915     -1.858194982
0.742217369     26.78266154
0.258943717     54.01564991
0.735554184     37.74122676
1.078870812     4.228618497
1.438708412     15.67075163
1.354432359     6.692993553
1.6254038     -3.744807167
1.501747763     -8.068952282
1.03554419     4.304674441
1.199826218     3.130704058
1.63866878     -0.448237944
0.661662287     34.93338291
1.105680442     -3.170221596
0.097994987     120.6571141
1.242996521     -3.052400813
0.632713639     26.14498036
1.139744429     22.75960293
0.497556473     25.67330674
1.170370527     15.92578122
0.260203367     34.46739677
0.768604084     5.280482645
1.728005034     22.23677483
0.8610906     9.157677394
1.076702804     0.052783489
1.219034746     8.105403666
0.313290573     28.29206789
0.764765448     19.12149455
1.083831537     9.326772011
0.734057496     16.66253015
0.602058551     21.94123729
0.20170012     52.39350358
1.026117277     9.288029833
0.833879656     7.322038805
1.697375526     31.33005732
0.479615553     21.83251124
1.076818765     15.56714903
0.43123612     15.59791505
0.854678663     14.63919632
1.72003786     23.76742965
1.132797595     23.08925823
0.960466539     14.72185823
0.708091423     18.21388576
1.431613216     -5.571951289
0.800712658     31.08217187
1.589944875     -8.221828706
1.406239451     0.416507207
0.263952759     29.25275404
1.614431883     0.214721527
0.92944538     7.519162907
0.561291588     24.47041207
1.526871418     3.10506899
0.632011622     6.19362478
1.039456722     -5.011134515
0.624143356     -0.568363227
0.547350171     38.2167381
0.58362082     35.34363034
1.78086714     27.41896461
0.91624577     21.1033501
0.054393811     197.1139238
1.738430117     13.38108653
1.752611413     10.69459673
1.066963821     10.83828667
0.804929303     25.29470811
1.936393008     -2.342049404
0.639393309     18.11428491
0.372500952     31.7222082
1.470395207     4.011037245
0.53640895     16.10290759
1.078406401     23.06406173
1.186308853     15.89453505
1.042450097     -0.769250138
0.861249762     12.66388432
1.810293841     13.28049654
0.753295015     19.13814553
0.83815826     11.02531123
0.960351715     -2.45645602
1.149235575     31.89059203
1.02990987     10.92742047
0.695295401     12.91310704
1.060485377     10.15005199
1.646972467     10.70518724
1.075464186     3.0458269
0.365717258     37.02098022
0.875781214     0.161148554
1.422797939     5.935575627
0.048845893     190.5951789
1.05067136     -5.623501516
0.726492206     14.29893839
1.437921699     6.441205094
1.046021569     7.588904012
0.6246504     10.99506647
1.693651145     23.74150151
1.779702987     13.69095026
0.191406914     46.50043591
1.225536496     6.778166095
1.062759113     27.58310365
1.296867029     13.70729985
0.648364906     25.49541607
1.329399086     3.877597081
0.181636667     59.14637859
0.617052708     7.72139175
0.759840534     10.30997826
0.350368398     35.64147915
0.897407861     19.94210859
0.868074383     20.60126758
0.757519618     11.58274527
0.974534148     14.04901428
0.764210088     28.67364275
0.549593213     19.28964472
1.533379989     7.625482191
1.769168764     16.09279958
1.347629907     6.20352782
1.034509071     4.5915054
1.420886863     -5.465196196
1.740255928     18.6379562
0.29937303     30.05741531
0.803112019     31.29110606
1.576799266     2.731139154
0.844794729     28.9898527
1.610464213     9.687044222
1.81214921     9.563056528
1.074342665     25.6145719
0.533342816     31.09891894
0.091296559     92.70117769
1.204349817     13.12766958
1.268236136     28.59147512
1.330778676     21.33398446
1.407251264     1.201881604
1.023551365     14.63195857
0.361417622     14.94066827
0.992101039     1.356242388
0.432403683     18.13102099
1.120631967     16.08389393
0.486079787     23.72606015
1.634454409     4.352496549
0.133603978     88.1457894
0.303736331     41.59724238
0.581398242     30.4435638
1.199287342     7.12312898
1.354334588     12.16362559
1.492094614     1.918838371
1.051632583     16.68786765
1.383306542     3.203890426
0.271885827     53.93641741
1.026117277     15.77154471
1.173007493     10.49198754
0.210203896     49.03717497
1.087829903     5.064630014
1.106775815     7.889218741
1.391933099     15.05513099
0.337705958     36.96793579
0.066026248     151.8024324
0.83120972     15.20084656
0.489054971     37.16238052
0.488280764     41.70585003
0.805053221     11.84039147
1.614757028     4.514531577
0.660313961     22.96741749
1.145919898     -6.144492115
1.017005277     9.055340056
0.834324171     4.880954992
0.895180167     8.643651289
0.334009999     43.96531115
0.229455625     52.32288016
1.151276822     12.39412868
0.347689936     26.03388497
0.22920324     46.06360321
1.794761945     22.91946834
1.060986167     14.25193562
1.278853918     15.39685102
1.1234298     15.6858672
0.876530978     19.28196594
0.788518608     22.20375587
1.378856839     8.275665207
0.841379577     4.386364203
0.873926981     6.120100982
1.144044634     -17.27531783
0.777085122     21.2156467
1.132757805     13.05485179
1.205972697     1.658181427
0.560560582     14.22745103
0.938705741     4.865552083
1.424001882     24.67850284
1.383203087     -0.438356646
1.905924935     -3.318350436
1.843306225     22.15013874
0.470589955     12.94987051
0.541731768     28.8527607
1.012183818     12.42989385
1.82218321     23.61369385
1.174876504     0.836031073
0.500525973     36.41877885
1.037269956     1.423358561
0.178555754     57.56628782
1.345878561     12.80797534
1.503268893     24.25977946