0.769497663     20.19819642
0.78365679     20.1042753
0.792194103     20.04926758
1.795982942     17.22719265
1.472184638     17.7170505
0.592855602     21.74700549
0.335771008     26.91288082
1.025006557     18.90241406
0.035426299     127.910468
1.044907438     18.82809027
0.604311824     21.61909935
0.541149691     22.39167012
1.74451691     17.29289838
0.712615022     20.61312894
0.670316129     20.96733366
0.607026098     21.58950252
0.797021246     20.01868679
1.009046062     18.96414014
0.501280854     22.9795587
1.727343377     17.31569476
0.950636038     19.2077092
1.459725698     17.74024086
1.778672984     17.24886757
0.6319616     21.3294985
0.514627689     22.77260937
0.554506758     22.21361813
0.88746481     19.50722097
0.325461886     27.29022559
1.565054279     17.5558219
0.459265609     23.709557
0.688171783     20.8125022
0.826626436     19.83894517
0.196456884     35.36070164
0.711621967     20.62096195
0.955207386     19.18757231
1.058366822     18.77940797
0.629449121     21.35476302
0.931105776     19.29596734
0.803773107     19.97652878
0.951827476     19.20244225
1.331159526     18.00489905
0.651054168     21.14388202
1.0091228     18.96383869
1.047903654     18.81714482
0.594610927     21.72708795
1.25355348     18.19092888
1.60701268     17.4890905
0.922329721     19.33684387
1.196185397     18.34396324
0.429699074     24.30884017
1.266030611     18.15948127
0.906531798     19.41242106
0.246199422     31.24699184
1.318640332     18.03342762
0.849763981     19.7071894
1.203559694     18.32347454
0.458716502     23.71998278
0.957473165     19.17766278
1.089772811     18.67048981
0.74792388     20.34813783
1.034278855     18.86742896
0.792069048     20.05006478
1.294315896     18.09043566
1.696768439     17.35742244
0.869064027     19.60265283
1.795168944     17.22820254
0.735818506     20.43612313
1.671981297     17.39237126
1.065227255     18.75506727
0.554222541     22.21731742
0.455267243     23.78604833
1.160431455     18.44699377
1.672359874     17.39182969
1.485005103     17.69359344
1.146918069     18.48760745
0.148328698     41.96713484
1.361649199     17.93761418
0.353292424     26.3220656
1.077748155     18.71144222
0.922291067     19.33702563
1.054671432     18.79265037
1.663767423     17.40418219
1.154803956     18.46379139
1.487398211     17.68925966
0.80406244     19.97473803
0.941441047     19.24880561
0.514197953     22.77910526
1.238572397     18.22952458
0.919231186     19.35146246
1.487829084     17.68848085
1.306180254     18.06236447
0.866212193     19.61780616
0.985520844     19.05876753
0.156852937     40.50159453
0.161882442     39.70928873
0.636958137     21.27984756
1.32702701     18.01425666
1.136565177     18.51937582
1.792740593     17.23122074
0.779237783     20.13322132
1.837962943     17.17632244
0.808720759     19.946083
0.538579232     22.42694809
1.685043915     17.37382537
0.742217369     20.3892568
0.258943717     30.4473723
0.735554184     20.43807661
1.078870812     18.70758014
1.438708412     17.7802715
1.354432359     17.95326671
1.6254038     17.46092694
1.501747763     17.66356315
1.03554419     18.86270334
1.199826218     18.33381613
1.63866878     17.4410058
0.661662287     21.04538007
1.105680442     18.61768179
0.097994987     55.81841452
1.242996521     18.21802992
0.632713639     21.3219753
1.139744429     18.50955872
0.497556473     23.03928844
1.170370527     18.41772106
0.260203367     30.37259124
0.768604084     20.20423985
1.728005034     17.31480807
0.8610906     19.64527194
1.076702804     18.71504559
1.219034746     18.28128465
0.313290573     27.76769984
0.764765448     20.23036182
1.083831537     18.69061045
0.734057496     20.44916443
0.602058551     21.64387208
0.20170012     34.83142102
1.026117277     18.89818989
0.833879656     19.79685524
1.697375526     17.35657928
0.479615553     23.34001311
1.076818765     18.71464552
0.43123612     24.27566086
0.854678663     19.68012152
1.72003786     17.32553021
1.132797595     18.53108094
0.960466539     19.16464274
0.708091423     20.64898807
1.431613216     17.79405076
0.800712658     19.99554985
1.589944875     17.51581049
1.406239451     17.84446578
0.263952759     30.1542269
1.614431883     17.47765176
0.92944538     19.30364181
0.561291588     22.12642072
1.526871418     17.61973599
0.632011622     21.32899754
1.039456722     18.84816406
0.624143356     21.40878407
0.547350171     22.30793596
0.58362082     21.85376509
1.78086714     17.24609681
0.91624577     19.36564089
0.054393811     88.53777804
1.738430117     17.30092654
1.752611413     17.28230854
1.066963821     18.74895561
0.804929303     19.96938052
1.936393008     17.06569637
0.639393309     21.25593034
0.372500952     25.73822759
1.470395207     17.72035707
0.53640895     22.45699713
1.078406401     18.7091768
1.186308853     18.37180321
1.042450097     18.83711413
0.861249762     19.64441348
1.810293841     17.20958604
0.753295015     20.31000461
0.83815826     19.77236841
0.960351715     19.16514068
1.149235575     18.48057447
1.02990987     18.883835
0.695295401     20.75295046
1.060485377     18.77185776
1.646972467     17.42869877
1.075464186     18.71932422
0.365717258     25.93741111
0.875781214     19.56735077
1.422797939     17.81136196
0.048845893     96.89020109
1.05067136     18.80708959
0.726492206     20.50590903
1.437921699     17.78179264
1.046021569     18.82401293
0.6246504     21.40358191
1.693651145     17.36176146
1.779702987     17.24756604
0.191406914     35.89788669
1.225536496     18.26387669
1.062759113     18.763788
1.296867029     18.08435631
0.648364906     21.16936537
1.329399086     18.00887825
0.181636667     37.02198524
0.617052708     21.4824284
0.759840534     20.26426246
0.350368398     26.41655475
0.897407861     19.45728211
0.868074383     19.60790006
0.757519618     20.2803913
0.974534148     19.10452523
0.764210088     20.23416278
0.549593213     22.27811026
1.533379989     17.60861628
1.769168764     17.2609488
1.347629907     17.96817396
1.034509071     18.86656832
1.420886863     17.81514321
1.740255928     17.2985125
0.29937303     28.36125702
0.803112019     19.98062525
1.576799266     17.53678454
0.844794729     19.73487803
1.610464213     17.48375591
1.81214921     17.20732376
1.074342665     18.72320688
0.533342816     22.49986665
0.091296559     58.81326135
1.204349817     18.32129415
1.268236136     18.15398677
1.330778676     18.00575901
1.407251264     17.84242061
1.023551365     18.90796216
0.361417622     26.06752897
0.992101039     19.03184741
0.432403683     24.25061501
1.120631967     18.56941451
0.486079787     23.2291017
1.634454409     17.44729983
0.133603978     44.93922831
0.303736331     28.16931691
0.581398242     21.87996576
1.199287342     18.33531412
1.354334588     17.95347991
1.492094614     17.68079515
1.051632583     18.8036098
1.383306542     17.89162227
0.271885827     29.71205779
1.026117277     18.89818989
1.173007493     18.41003789
0.210203896     34.02914302
1.087829903     18.67704545
1.106775815     18.61410138
1.391933099     17.87370133
0.337705958     26.84462372
0.066026248     75.58196734
0.83120972     19.81226326
0.489054971     23.17903965
0.488280764     23.19200815
0.805053221     19.96861561
1.614757028     17.47715287
0.660313961     21.05772441
1.145919898     18.49064538
1.017005277     18.93311627
0.834324171     19.79429955
0.895180167     19.46837424
0.334009999     26.97568939
0.229455625     32.43256458
1.151276822     18.47440331
0.347689936     26.50450325
0.22920324     32.45176028
1.794761945     17.22870783
1.060986167     18.77007743
1.278853918     18.12780056
1.1234298     18.5605251
0.876530978     19.56344396
0.788518608     20.07280356
1.378856839     17.90095381
0.841379577     19.75409685
0.873926981     19.57704143
1.144044634     18.49636708
0.777085122     20.14744123
1.132757805     18.53120498
1.205972697     18.31682468
0.560560582     22.13571401
0.938705741     19.26118625
1.424001882     17.80898505
1.383203087     17.89183854
1.905924935     17.09871854
1.843306225     17.17001383
0.470589955     23.49996894
0.541731768     22.38372796
1.012183818     18.95185136
1.82218321     17.19516895
1.174876504     18.40461315
0.500525973     22.99159328
1.037269956     18.85627674
0.178555754     37.40196639
1.345878561     17.97203635
1.503268893     17.66086794