0.146337894     10.10181556
0.126753958     21.53379985
0.165144584     10.04677964
0.144277243     13.31842579
0.207361327     6.350819211
0.107878356     30.17455119
0.126972841     17.16233224
0.093708417     45.40900956
0.416423753     12.90154777
0.15411645     7.684552803
0.102934667     35.83918199
0.113317016     24.03104515
0.137294744     14.61883242
0.204027503     8.495049495
0.13154087     14.23362654
0.139776079     14.5891473
0.173825375     10.40999551
0.258531541     4.838052355
0.600348202     10.45668105
0.139431121     15.66860111
0.143804196     13.96073496
0.143365065     12.46202643
0.286114846     7.954667334
0.153369529     11.45219056
0.180384941     7.188877733
0.455062571     12.60348768
0.115775581     23.73019482
0.113186191     25.81440266
0.120144654     21.97801662
0.201385532     1.233765317
0.266191072     4.537867465
0.094897368     44.59395211
0.217481134     7.710486678
0.174803783     8.127212913
0.148427412     12.49222474
0.394679717     8.790934349
0.849762067     20.37590469
0.207926145     9.738017009
0.158476094     8.63048314
0.137270244     15.99836027
0.204775361     5.849230379
0.116930345     21.46560337
0.246974562     3.993750626
0.10431771     31.24885971
0.121354805     20.13073275
0.180750113     6.981494817
0.151098486     13.09490075
0.111680683     26.51685205
0.299976002     5.015705864
0.11579569     23.37046248
0.163007156     8.950893913
0.151009498     8.471073168
0.160413224     7.800158866
0.124334809     19.92273496
0.214845848     7.058714896
0.162903594     6.468483806
0.156142652     9.647060856
0.145144201     10.70290842
0.291877061     8.274330501
0.142812259     12.28917073
0.15242276     14.46344191
0.132821528     15.88208013
0.203906855     8.611358773
0.308451573     11.28219174
0.212152071     6.811766217
0.132311886     11.43962844
0.136509453     10.53849689
0.208541875     5.693373872
0.202408663     6.909383954
0.282007896     8.802263994
0.144258511     12.06496004
0.17852361     6.381595467
0.182428488     6.16094925
0.118320791     20.8259592
0.545434711     11.44131775
0.156011108     9.954252959
0.14153881     10.40268764
0.247929786     6.797453604
0.150527599     11.53611803
0.197765253     10.12196091
0.227614148     5.394515805
0.18143881     6.351662517
0.193652085     8.108352415
0.149761131     8.844401338
0.104312269     31.26128568
0.190316687     6.196188989
0.128900862     12.91335466
0.230882896     8.025433413
0.356900675     6.963258071
0.242913013     5.98934777
0.237524049     7.420916204
0.111028457     27.21771021
0.174091677     8.944185432
0.118327792     23.39441812
0.158295474     8.746744987
0.126443031     16.95739978
0.15244832     13.3015321
0.23999808     12.37219023
0.204356889     7.920196205
0.245972205     6.854079913
0.108117459     30.91416057
0.174434831     7.808977612
0.35180299     10.9146446
0.098229897     36.42748703
0.327664733     8.018437115
0.224230329     3.682916207
0.128386186     17.22101716
0.119894014     21.85074314
0.123230108     19.02018666
0.121908106     18.6106285
0.167608065     8.962238306
0.258204446     7.553779855
0.195694716     10.28823296
0.153888769     9.576258051
0.160707111     7.340573901
0.244624379     5.367027916
0.189483657     4.855232999
0.126275381     17.23552984
0.204867655     7.295063646
0.232083179     8.876794543
0.246962363     4.528362246
0.12910389     18.02144564
0.321378069     12.19018676
0.186247486     6.049557689
0.150100567     10.85355281
0.157299482     10.60493417
0.211931758     8.587009367
0.279963045     9.583476994
0.176037742     8.644636439
0.222439719     5.670176301
0.088117372     52.90835848
0.134493564     19.48661555
0.898634076     17.9036138
0.162429952     8.543129182
0.12736582     18.97406337
0.151233308     12.48131583
0.211501449     10.49921652
0.131070188     13.33902015
0.305474096     7.068962626
0.227500228     5.137005665
0.237017373     10.90948012
0.326711971     8.244317749
0.247880621     5.636419819
0.114021185     22.88622099
0.227422619     5.168190516
0.141236953     13.8464837
0.167582786     10.60065697
0.116842905     23.16733005
0.180769717     10.36431316
0.256154102     6.314145305
0.176136964     6.505987865
0.192890072     9.02840651
0.167999462     8.831696613
0.286450874     5.946622318
0.112566977     27.33125057
0.082358755     64.00567406
0.148836102     8.051738386
0.107670442     27.34626795
0.333655867     5.250694492
0.265738354     1.343034511
0.134950945     13.26712011
0.125546126     18.58059154
0.1900057     8.011707061
0.133017638     13.41783841
0.122727998     20.88419105
0.190421784     8.748261419
0.13191742     16.76306725
0.239969284     9.988890107
0.135270406     18.15250966
0.1514509     12.13086184
0.238902958     6.728929819
0.128884249     18.94274091
0.155060396     13.27981232
0.127034134     18.36195807
0.182232346     7.820584982
0.119840851     22.30639268
0.236255818     7.455448952
0.132371434     16.51239633
0.137255171     14.9657586
0.426057688     13.21432696
0.178288078     6.132570968
0.212901852     4.550765365
0.141502759     11.49661627
0.122065842     22.36391328
0.125424877     18.19598862
0.256167226     9.873388894
0.437560165     9.640363501
0.225012376     6.220022416
0.151077941     12.61730513
0.174553579     5.80636941
0.315387769     7.3506752
0.193262857     10.38969456
0.121175401     19.63684869
0.424826883     10.12160183
0.168617003     12.18967734
0.1296546     17.18252833
0.242588909     7.208216088
0.207116524     8.969202687
0.242171797     5.970511406
0.207189475     7.508809996
0.164546756     11.31075469
0.174669438     8.096574234
0.148130592     9.950654247
0.302700085     8.691037875
0.169975524     8.595680426
0.113254131     25.33479175
0.153730265     12.04906478
0.15361455     10.20002533
0.134819948     13.99879725
0.213401622     4.265832278
0.12285616     22.18868408
0.179762354     5.229843552
0.468735352     11.56258198
0.152809401     11.64936265
0.188355842     6.241178534
0.42252926     8.563917345
0.182092977     5.739601845
0.106776005     34.74396322
0.191131498     6.370444868
0.285087094     7.729838968
0.128382889     22.01939439
0.132079459     14.54557915
0.106716752     32.2981457
0.117466023     23.90870762
0.347850285     11.0271104
0.108578812     26.54989081
0.118116747     22.01630897
0.170625171     5.431350869
0.170169318     6.287119157
0.137615941     15.34415884
0.210783694     9.726519573
0.139653102     13.05395517
0.123816009     18.05592685
0.140878802     14.95113846
0.149615488     10.47577837
0.39500711     11.89466471
0.259652585     6.467563102
0.13244156     10.71950845
0.11770799     19.75288615
0.184328399     9.17312404
0.678058042     17.40871315
0.145414358     11.39377975
0.10228714     38.423426
0.15614509     9.53745422
0.238874424     5.220680475
0.150443809     8.344888722
0.196290117     7.022396546
0.102111669     35.04199699
0.154784385     14.2979241
0.167408846     9.191850579
0.208346355     7.941500117
0.183621006     9.53963448
0.187192303     6.078337554
0.330360093     9.353564794
0.275375888     7.752880795
0.177818874     10.85412685
0.149660271     13.55429056
0.132932763     19.07112483
0.3047294     8.438107139
0.083245925     60.3689794
0.325955866     13.87945607
0.145386874     12.99302776
0.296173439     6.795313843
0.209472339     6.268269481
0.187663032     6.617680046
0.139192406     13.2514039
0.200048012     8.604045946
0.125042202     17.33735023
0.177765137     10.21887113
0.173490632     9.215590414
0.162935445     11.94343054
0.206820955     9.079567333
0.182468433     9.362030731
0.124800319     19.47750189
0.185525315     8.862154911
0.106862724     30.55321185
0.16107469     8.214529821
0.155496812     10.33597033
0.19611304     7.857764641
0.242736122     6.624458141
0.119534294     22.25975382
0.14961325     10.51823153
0.169952413     8.518217903
0.146845034     10.63745187
0.144133756     13.50127521
0.331180659     8.169023485
0.222489209     7.200326808
0.202404566     8.824995236
0.138492646     9.94419635
0.209021362     9.649712088
0.142863266     14.17085468
0.215429027     6.64482543
0.174733531     6.547747867
0.178335771     6.453558686
0.101024387     36.51265396
0.197773075     6.218059762
0.132158008     19.79106337
0.203202471     8.196541084