0.769497663     107.8083424
0.78365679     105.8996819
0.792194103     104.7820735
1.795982942     47.69886501
1.472184638     57.57170876
0.592855602     139.3626748
0.335771008     245.6925141
1.025006557     81.52418232
0.035426299     2659.608541
1.044907438     80.01975157
0.604311824     136.7511268
0.541149691     152.5408019
1.74451691     49.02226085
0.712615022     116.2471792
0.670316129     123.4594567
0.607026098     136.1469735
0.797021246     104.1608364
1.009046062     82.77387807
0.501280854     164.5809664
1.727343377     49.48147144
0.950636038     87.70745946
1.459725698     58.03947092
1.778672984     48.13539542
0.6319616     130.8419248
0.514627689     160.340108
0.554506758     148.8984965
0.88746481     93.77926439
0.325461886     253.5248132
1.565054279     54.32057004
0.459265609     179.561652
0.688171783     120.3058309
0.826626436     100.5106344
0.196456884     423.1689756
0.711621967     116.4065894
0.955207386     87.29943876
1.058366822     79.034532
0.629449121     131.3572297
0.931105776     89.49607595
0.803773107     103.3045081
0.951827476     87.60073628
1.331159526     63.3801504
0.651054168     127.0572432
1.0091228     82.76777438
1.047903654     79.79822739
0.594610927     138.9559374
1.25355348     67.13676592
1.60701268     52.97542167
0.922329721     90.32463418
1.196185397     70.22870519
0.429699074     191.8847566
1.266030611     66.50157292
0.906531798     91.85684188
0.246199422     336.188735
1.318640332     63.95610494
0.849763981     97.83621391
1.203559694     69.81466214
0.458716502     179.7758463
0.957473165     87.09865758
1.089772811     76.83081172
0.74792388     110.8565873
1.034278855     80.81598573
0.792069048     104.7982691
1.294315896     65.10717546
1.696768439     50.32211889
0.869064027     95.71506943
1.795168944     47.7192035
0.735818506     112.6459449
1.671981297     51.02628268
1.065227255     78.54198696
0.554222541     148.9741506
0.455267243     181.1332993
1.160431455     72.31118066
1.672359874     51.01537035
1.485005103     57.09860142
1.146918069     73.13225539
0.148328698     565.0685207
1.361649199     62.02195796
0.353292424     233.4472235
1.077748155     77.65930691
0.922291067     90.32831867
1.054671432     79.30251361
1.663767423     51.26427159
1.154803956     72.65076064
1.487398211     57.01119677
0.80406244     103.2681362
0.941441047     88.54024807
0.514197953     160.4731826
1.238572397     67.91642375
0.919231186     90.62097504
1.487829084     56.99548978
1.306180254     64.54035426
0.866212193     96.02250236
0.985520844     84.69015037
0.156852937     533.3547444
0.161882442     516.2654293
0.636958137     129.8293413
1.32702701     63.56906263
1.136565177     73.77457906
1.792740593     47.7799882
0.779237783     106.4878627
1.837962943     46.67446069
0.808720759     102.6861518
0.538579232     153.262698
1.685043915     50.65260268
0.742217369     111.6927637
0.258943717     319.4043619
0.735554184     112.6856783
1.078870812     77.58117007
1.438708412     58.84698975
1.354432359     62.33789001
1.6254038     52.40779385
1.501747763     56.49296824
1.03554419     80.72033168
1.199826218     70.02364543
1.63866878     52.00631946
0.661662287     125.0496832
1.105680442     75.76262396
0.097994987     871.435258
1.242996521     67.68421462
0.632713639     130.6884864
1.139744429     73.57608074
0.497556473     165.8054612
1.170370527     71.71944677
0.260203367     317.8367173
0.768604084     107.9311754
1.728005034     49.46360944
0.8610906     96.57976848
1.076702804     77.7322106
1.219034746     68.96215641
0.313290573     263.4481894
0.764765448     108.4621328
1.083831537     77.23785299
0.734057496     112.9112072
0.602058551     137.2568491
0.20170012     411.9185848
1.026117277     81.43866928
0.833879656     99.65616174
1.697375526     50.30513147
0.479615553     171.9738815
1.076818765     77.72411636
0.43123612     191.2019011
0.854678663     97.28691586
1.72003786     49.67960697
1.132797595     74.0112605
0.960466539     86.83486261
0.708091423     116.9769822
1.431613216     59.12497527
0.800712658     103.690857
1.589944875     53.51400056
1.406239451     60.14215894
0.263952759     313.261119
1.614431883     52.74487144
0.92944538     89.65162791
0.561291588     147.1154728
1.526871418     55.60918899
0.632011622     130.8317073
1.039456722     80.42604267
0.624143356     132.4591975
0.547350171     150.8276545
0.58362082     141.5432422
1.78086714     48.07959089
0.91624577     90.90840596
0.054393811     1642.749461
1.738430117     49.18397658
1.752611413     48.80894999
1.066963821     78.41832053
0.804929303     103.1593212
1.936393008     44.44727424
0.639393309     129.3416275
0.372500952     221.3679747
1.470395207     57.63840215
0.53640895     153.8776553
1.078406401     77.6134732
1.186308853     70.79134725
1.042450097     80.20239031
0.861249762     96.56235002
1.810293841     47.34429176
0.753295015     110.0812218
0.83815826     99.15910252
0.960351715     86.8449511
1.149235575     72.99006432
1.02990987     81.14808045
0.695295401     119.093273
1.060485377     78.88174619
1.646972467     51.75830589
1.075464186     77.81877739
0.365717258     225.4865647
0.875781214     94.99891201
1.422797939     59.47423154
0.048845893     1850.366679
1.05067136     79.5947272
0.726492206     114.0655255
1.437921699     58.87767688
1.046021569     79.9372296
0.6246504     132.3530713
1.693651145     50.4095391
1.779702987     48.10918189
0.191406914     434.6052859
1.225536496     68.61043661
1.062759113     78.7184507
1.296867029     64.98441532
0.648364906     127.5767159
1.329399086     63.4604822
0.181636667     458.5949496
0.617052708     133.9617517
0.759840534     109.1512636
0.350368398     235.4041489
0.897407861     92.76649722
0.868074383     95.82152438
0.757519618     109.4791551
0.974534148     85.61697737
0.764210088     108.539395
0.549593213     150.2175454
1.533379989     55.38497803
1.769168764     48.37872261
1.347629907     62.63879351
1.034509071     80.79856484
1.420886863     59.55052136
1.740255928     49.1353487
0.29937303     275.8039902
0.803112019     103.3877121
1.576799266     53.93679316
0.844794729     98.39815648
1.610464213     52.86790072
1.81214921     47.29873381
1.074342665     77.89733349
0.533342816     154.755083
0.091296559     939.2527855
1.204349817     69.77060156
1.268236136     66.39059901
1.330778676     63.39751112
1.407251264     60.1008921
1.023551365     81.63649839
0.361417622     228.178398
0.992101039     84.14494166
0.432403683     190.6864839
1.120631967     74.78643764
0.486079787     169.698225
1.634454409     52.13316152
0.133603978     629.7957346
0.303736331     271.8060541
0.581398242     142.0785006
1.199287342     70.05391731
1.354334588     62.34219336
1.492094614     56.84048615
1.051632583     79.52430376
1.383306542     61.09374158
0.271885827     304.005051
1.026117277     81.43866928
1.173007493     71.56414406
0.210203896     394.8987442
1.087829903     76.96342982
1.106775815     75.69020662
1.391933099     60.73209411
0.337705958     244.2766966
0.066026248     1329.332308
0.83120972     99.96894895
0.489054971     168.6713146
0.488280764     168.9373192
0.805053221     103.1437853
1.614757028     52.73481627
0.660313961     125.301239
1.145919898     73.19367655
1.017005277     82.14574423
0.834324171     99.60428194
0.895180167     92.99143385
0.334009999     246.9955732
0.229455625     361.1479886
1.151276822     72.86529988
0.347689936     237.2261149
0.22920324     361.5528286
1.794761945     47.72937968
1.060986167     78.84571994
1.278853918     65.8617342
1.1234298     74.60666883
0.876530978     94.91966116
0.788518608     105.2602379
1.378856839     61.2820616
0.841379577     98.78823198
0.873926981     95.19549451
1.144044634     73.30935988
0.777085122     106.7768294
1.132757805     74.01376858
1.205972697     69.68028496
0.560560582     147.3054807
0.938705741     88.79115346
1.424001882     59.42627594
1.383203087     61.09810618
1.905924935     45.11201519
1.843306225     46.54743159
0.470589955     175.2571748
0.541731768     152.3782916
1.012183818     82.52506253
1.82218321     47.05396542
1.174876504     71.45449404
0.500525973     164.8276644
1.037269956     80.59024941
0.178555754     466.7220809
1.345878561     62.71675816
1.503268893     56.43861558