-5.347620642     0.014986617
-5.611665752     0.01201409
-5.92894356     0.008296814
-5.4770587     0.016101037
-5.499648302     0.012789392
-4.43427626     0.02962059
-5.793560038     0.011156394
-5.503503374     0.012466527
-4.98130948     0.015097097
-5.66091582     0.010824842
-5.583218775     0.013124875
-5.926088502     0.010458446
-4.949247669     0.022300025
-5.446143588     0.013650368
-5.856550161     0.009780908
-5.881873911     0.009967337
-5.226704304     0.016194096
-5.626552581     0.011555417
-5.531824181     0.011938973
-5.032218699     0.018587188
-5.677010367     0.010131096
-5.835038059     0.009623074
-5.697630537     0.011367357
-5.510125655     0.013319925
-5.520703455     0.014182567
-5.427057968     0.014270567
-5.304910051     0.014583339
-5.749733224     0.009945232
-5.167169988     0.018284511
-5.339813755     0.01920075
-5.008226448     0.026640807
-5.404790501     0.015826215
-5.392396864     0.013614648
-6.009430574     0.00779116
-5.494863535     0.014201661
-5.466483269     0.015356383
-5.337963386     0.015284677
-4.949366033     0.018060746
-5.456992399     0.011426952
-5.426538995     0.013929109
-5.886774136     0.009606489
-5.723237196     0.012846651
-5.55064568     0.012671027
-5.314321553     0.015348676
-5.18874806     0.014930543
-5.129221552     0.015858617
-5.295077221     0.015343283
-5.58179894     0.01092883
-5.629087054     0.012304906
-4.77170446     0.021802262
-5.835553361     0.009643676
-5.391208614     0.012705011
-5.573835586     0.011586022
-5.635274841     0.010168792
-5.721692099     0.010254128
-5.540235054     0.013258502
-5.596308933     0.011111346
-5.676102135     0.010400708
-5.604270408     0.01045333
-6.21856592     0.00704336
-5.470108325     0.014613815
-4.986029661     0.014552524
-4.807666002     0.026295998
-5.986658117     0.008181619
-5.122584467     0.020918664
-4.616170468     0.018005204
-5.700612405     0.010081397
-5.345746557     0.014103696
-5.342647591     0.015438722
-5.362827515     0.013521572
-5.852065105     0.009318848
-4.540271042     0.023902345
-5.038119447     0.020903753
-5.904566743     0.008736341
-5.79048121     0.009533525
-5.696188482     0.010713119
-5.987327118     0.008323948
-5.43202226     0.010963482
-5.759685747     0.010494347
-5.917068274     0.009073002
-5.500181196     0.013519305
-5.630567608     0.011003921
-5.008631902     0.019346588
-4.967017053     0.021434389
-5.323415711     0.014230095
-5.343506801     0.015382083
-5.605499808     0.01175931
-4.569694264     0.018983725
-5.410961902     0.013274078
-5.700531963     0.011509665
-5.522493701     0.012864003
-5.658751654     0.011894015
-5.573466571     0.009890365
-5.454449909     0.012834483
-5.056684521     0.015221256
-5.720968512     0.010920893
-5.19180058     0.018493039
-5.112358267     0.018214306
-5.197129765     0.015276481
-5.947551399     0.008487336
-6.042193369     0.00763582
-5.789432851     0.009510404
-5.202217135     0.015504237
-5.524180112     0.01122744
-5.425357416     0.014228435
-4.48939227     0.019720637
-4.530485437     0.025439208
-5.522313031     0.012756485
-5.852915862     0.009840941
-5.724410374     0.010669421
-5.53031273     0.014285388
-5.588307968     0.012819905
-5.39867442     0.013799899
-5.705397578     0.008987068
-4.84018138     0.028281423
-5.361102546     0.014178384
-5.553534572     0.011327222
-5.024883976     0.017252683
-5.564448798     0.010270789
-5.289104139     0.014625164
-5.555592841     0.01052059
-5.500231857     0.012136968
-5.779323381     0.009045378
-5.247771221     0.018873444
-5.192333265     0.019121848
-5.661412303     0.01016222
-5.529152926     0.013933379
-5.125535333     0.018178017
-5.890726217     0.008765479
-5.843222489     0.01078102
-5.335857253     0.014114207
-6.165058223     0.007202753
-5.820194501     0.009639613
-5.888729635     0.008131106
-5.019218374     0.016544102
-5.448046436     0.013367679
-5.246333261     0.016003201
-5.044364068     0.019331815
-5.348734834     0.016150106
-5.737158819     0.009093505
-4.738589471     0.02186777
-5.956654315     0.008261547
-5.50075894     0.011850728
-5.037231765     0.024740105
-5.670482814     0.011651413
-5.206112184     0.015710623
-4.903444964     0.020489662
-5.549156165     0.012564471
-4.849270172     0.019648489
-5.703857577     0.010608189
-5.955220182     0.009176459
-5.210350263     0.016841027
-5.522461668     0.011966546
-5.553861183     0.011924082
-5.363262584     0.01612027
-5.872517034     0.009170038
-5.106742752     0.015430313
-5.340871068     0.016058272
-4.305157746     0.033244791
-5.694404585     0.011117522
-5.799118405     0.011196528
-5.40122046     0.0148026
-5.510415642     0.012014105
-5.558584811     0.012325532
-5.205451809     0.014969455
-5.921244322     0.008172539
-5.281278948     0.013242122
-4.763047083     0.026162532
-5.654191203     0.010416992
-5.56420768     0.01350335
-5.724796634     0.009929885
-5.763937019     0.009125178
-5.851668866     0.009945449
-5.474628383     0.015396411
-4.948126378     0.023744453
-5.197369834     0.01543148
-4.936288779     0.022960742
-5.184212019     0.013623403
-6.011532162     0.008537406
-4.671837692     0.02442772
-5.705094735     0.012642625
-5.479668514     0.012386156
-5.908578133     0.010321505
-5.536247452     0.011418028
-4.911471051     0.016506172
-5.337383196     0.015094795
-5.517071316     0.011418706
-5.486199233     0.010837089
-5.987007295     0.008951414
-5.577697198     0.011212975
-4.908689678     0.021420523
-6.083414499     0.007210044
-5.374199126     0.014741261
-5.136401769     0.017870003
-5.884308444     0.009780028
-5.58312544     0.014503326
-4.793990575     0.022773648
-5.641822275     0.01135423
-5.824314159     0.010270272
-5.842871798     0.010263347
-5.866855087     0.009732417
-5.590935066     0.013538908
-5.832986672     0.00888131
-5.885824271     0.008756445
-5.84523176     0.008970814
-5.17225792     0.017411077
-5.866248582     0.008303799
-4.137576458     0.040861023
-5.933696519     0.008446017
-5.040692933     0.021319007
-5.096418371     0.015535597
-5.303071449     0.017277155
-5.261800691     0.015735815
-5.894644598     0.009360754
-5.553615118     0.011726533
-5.475071013     0.01758319
-5.930412346     0.008765986
-5.841261305     0.009016287
-5.685900514     0.011614415
-5.487014082     0.014311639
-5.434660938     0.015257695
-5.868702992     0.009912522
-5.652284836     0.009879119
-5.646722032     0.012525129
-5.429437269     0.015338976
-5.457353662     0.011171874
-5.187648286     0.019612996
-5.339625729     0.017151129
-5.508776704     0.014818174
-5.303956839     0.014919138
-5.506229507     0.012318275
-4.721578954     0.016414539
-6.000246597     0.008929536
-5.792173785     0.009613878
-5.478045649     0.011182068
-5.499487364     0.012607081
-5.697474015     0.010709195
-5.703868078     0.00968965
-5.670695535     0.011388328
-5.577665463     0.009736842
-5.044552277     0.021258955
-5.552613407     0.014114864
-6.007107868     0.008200035
-5.648632293     0.01064029
-5.203160653     0.015743941
-5.559161747     0.012590193
-5.109117354     0.01768528
-5.830843077     0.009195943
-5.489465281     0.013282611
-5.240510263     0.014855729
-4.763804201     0.021782601
-4.951165504     0.018099842
-4.912162847     0.018533929
-5.514924825     0.013630218
-5.145270496     0.017669031
-5.862965445     0.010072025
-5.265093444     0.016585508
-4.833028208     0.02105671
-5.831803477     0.010127659
-5.048455081     0.019093954
-5.198677664     0.01591371
-6.15985385     0.007173153
-4.971638067     0.018630023
-5.348784686     0.013062709
-5.689910043     0.011240666
-4.990408051     0.019731338
-6.174867809     0.007455698
-5.47616638     0.011654455
-5.215486181     0.015361597
-5.644151853     0.012579961
-5.501461496     0.014019268
-4.631820882     0.018575725
-5.643134324     0.010665654
-5.832871976     0.012555401
-5.818423589     0.008811038
-5.603627776     0.011214773
-5.510197835     0.011080173
-5.640222213     0.010324606
-5.837133084     0.009499013
-5.478375088     0.012066452
-5.659147216     0.014108412
-5.547645768     0.013562945
-5.152615708     0.016235453
-5.478460817     0.012053624
-6.095458441     0.007451404
-5.194565644     0.014632248
-5.802374614     0.011015521
-6.07395047     0.007663622
-5.929980436     0.008523718
-5.719379681     0.009330882
-5.424086733     0.012486218
-5.649299119     0.010269271
-5.308918965     0.012677983
-4.922100516     0.020748308
-5.904956997     0.008245253
-5.552687946     0.01425781