0.769497663     -0.542921851
0.78365679     -0.538164456
0.792194103     -0.535367806
1.795982942     -0.386833817
1.472184638     -0.412126293
0.592855602     -0.617995986
0.335771008     -0.824379826
1.025006557     -0.475507847
0.035426299     -1.703533019
1.044907438     -0.471544847
0.604311824     -0.612042254
0.541149691     -0.647331581
1.74451691     -0.390140897
0.712615022     -0.563666256
0.670316129     -0.581012655
0.607026098     -0.610658258
0.797021246     -0.533809776
1.009046062     -0.478793395
0.501280854     -0.673122223
1.727343377     -0.391296017
0.950636038     -0.49169957
1.459725698     -0.413351239
1.778672984     -0.387920949
0.6319616     -0.598397575
0.514627689     -0.664146333
0.554506758     -0.639340699
0.88746481     -0.507419851
0.325461886     -0.837159335
1.565054279     -0.403663922
0.459265609     -0.70391234
0.688171783     -0.573471685
0.826626436     -0.524605858
0.196456884     -1.057185143
0.711621967     -0.564053502
0.955207386     -0.490636418
1.058366822     -0.468945325
0.629449121     -0.599597019
0.931105776     -0.496350375
0.803773107     -0.531658109
0.951827476     -0.491421566
1.331159526     -0.427428411
0.651054168     -0.589532042
1.0091228     -0.478777363
1.047903654     -0.470960632
0.594610927     -0.61707179
1.25355348     -0.437391992
1.60701268     -0.400194348
0.922329721     -0.49849932
1.196185397     -0.445605664
0.429699074     -0.728205995
1.266030611     -0.435705436
0.906531798     -0.502463758
0.246199422     -0.956403101
1.318640332     -0.428953855
0.849763981     -0.517809958
1.203559694     -0.444505667
0.458716502     -0.704342433
0.957473165     -0.490112961
1.089772811     -0.463119956
0.74792388     -0.550470024
1.034278855     -0.473643314
0.792069048     -0.53540839
1.294315896     -0.432005239
1.696768439     -0.393419985
0.869064027     -0.512389488
1.795168944     -0.386884383
0.735818506     -0.554872093
1.671981297     -0.395207892
1.065227255     -0.467644563
0.554222541     -0.639507582
0.455267243     -0.707061614
1.160431455     -0.451136785
1.672359874     -0.395180126
1.485005103     -0.410889047
1.146918069     -0.453316415
0.148328698     -1.183949255
1.361649199     -0.423835599
0.353292424     -0.803812924
1.077748155     -0.465311658
0.922291067     -0.498508868
1.054671432     -0.469652715
1.663767423     -0.39581387
1.154803956     -0.452038341
1.487398211     -0.410660665
0.80406244     -0.531566615
0.941441047     -0.493866992
0.514197953     -0.664429765
1.238572397     -0.439462714
0.919231186     -0.499267042
1.487829084     -0.410619631
1.306180254     -0.430502233
0.866212193     -0.513176754
0.985520844     -0.483819137
0.156852937     -1.158848468
0.161882442     -1.144627019
0.636958137     -0.596035308
1.32702701     -0.427928643
1.136565177     -0.455020865
1.792740593     -0.387035557
0.779237783     -0.539633045
1.837962943     -0.384298071
0.808720759     -0.530101489
0.538579232     -0.648904834
1.685043915     -0.394258138
0.742217369     -0.552529803
0.258943717     -0.934287943
0.735554184     -0.554969599
1.078870812     -0.465105035
1.438708412     -0.415469582
1.354432359     -0.424670718
1.6254038     -0.398736873
1.501747763     -0.409307875
1.03554419     -0.473391337
1.199826218     -0.445060883
1.63866878     -0.39770858
0.661662287     -0.584789245
1.105680442     -0.460291561
0.097994987     -1.36357492
1.242996521     -0.438845926
0.632713639     -0.598040072
1.139744429     -0.454494205
0.497556473     -0.675692278
1.170370527     -0.449565476
0.260203367     -0.932172334
0.768604084     -0.543227201
1.728005034     -0.391251017
0.8610906     -0.514602379
1.076702804     -0.465504427
1.219034746     -0.442240747
0.313290573     -0.852946595
0.764765448     -0.544545962
1.083831537     -0.464196976
0.734057496     -0.555522847
0.602058551     -0.613198836
0.20170012     -1.045314365
1.026117277     -0.475282807
0.833879656     -0.522439319
1.697375526     -0.393376949
0.479615553     -0.688493431
1.076818765     -0.465483025
0.43123612     -0.726883493
0.854678663     -0.516408807
1.72003786     -0.391795554
1.132797595     -0.455648747
0.960466539     -0.48942493
0.708091423     -0.565437706
1.431613216     -0.416199819
0.800712658     -0.532629453
1.589944875     -0.401580965
1.406239451     -0.418875855
0.263952759     -0.925946975
1.614431883     -0.399601875
0.92944538     -0.496754084
0.561291588     -0.635396449
1.526871418     -0.407006278
0.632011622     -0.598373774
1.039456722     -0.472615901
0.624143356     -0.602155857
0.547350171     -0.643584152
0.58362082     -0.622931421
1.78086714     -0.387781764
0.91624577     -0.500011241
0.054393811     -1.581396895
1.738430117     -0.390547258
1.752611413     -0.389605611
1.066963821     -0.467317854
0.804929303     -0.53129284
1.936393008     -0.378867967
0.639393309     -0.59489499
0.372500952     -0.782792645
1.470395207     -0.412300845
0.53640895     -0.650242297
1.078406401     -0.465190459
1.186308853     -0.447100352
1.042450097     -0.472026385
0.861249762     -0.514557845
1.810293841     -0.385953625
0.753295015     -0.548555875
0.83815826     -0.521176954
0.960351715     -0.489451249
1.149235575     -0.452939017
1.02990987     -0.474517879
0.695295401     -0.570554028
1.060485377     -0.468541914
1.646972467     -0.397074446
1.075464186     -0.465733303
0.365717258     -0.790043729
0.875781214     -0.510553452
1.422797939     -0.417117963
0.048845893     -1.615038455
1.05067136     -0.470423805
0.726492206     -0.558349159
1.437921699     -0.415550169
1.046021569     -0.471327235
0.6246504     -0.601909789
1.693651145     -0.393641526
1.779702987     -0.387855561
0.191406914     -1.068937065
1.225536496     -0.441306336
1.062759113     -0.468110673
1.296867029     -0.431679661
0.648364906     -0.590754749
1.329399086     -0.427641112
0.181636667     -1.092610396
0.617052708     -0.605631393
0.759840534     -0.546254816
0.350368398     -0.80714897
0.897407861     -0.504811428
0.868074383     -0.512662157
0.757519618     -0.547066795
0.974534148     -0.486244218
0.764210088     -0.544737707
0.549593213     -0.642244829
1.533379989     -0.40642353
1.769168764     -0.388528553
1.347629907     -0.425466471
1.034509071     -0.473597426
1.420886863     -0.417318616
1.740255928     -0.390425016
0.29937303     -0.871997022
0.803112019     -0.531867377
1.576799266     -0.4026719
0.844794729     -0.519241495
1.610464213     -0.399917955
1.81214921     -0.385840721
1.074342665     -0.465940982
0.533342816     -0.652146257
0.091296559     -1.392500627
1.204349817     -0.444388608
1.268236136     -0.435410834
1.330778676     -0.427474376
1.407251264     -0.418767173
1.023551365     -0.47580338
0.361417622     -0.794735648
0.992101039     -0.482390814
0.432403683     -0.725883459
1.120631967     -0.45770448
0.486079787     -0.683798946
1.634454409     -0.398033224
0.133603978     -1.230528767
0.303736331     -0.86590478
0.581398242     -0.624137949
1.199287342     -0.445141307
1.354334588     -0.424682096
1.492094614     -0.410214792
1.051632583     -0.470237998
1.383306542     -0.421384448
0.271885827     -0.913119529
1.026117277     -0.475282807
1.173007493     -0.449153024
0.210203896     -1.026744086
1.087829903     -0.463470908
1.106775815     -0.460099713
1.391933099     -0.420430519
0.337705958     -0.822038909
0.066026248     -1.515761799
0.83120972     -0.52323292
0.489054971     -0.681669784
0.488280764     -0.682221952
0.805053221     -0.531253746
1.614757028     -0.39957605
0.660313961     -0.585385062
1.145919898     -0.453479427
1.017005277     -0.47714274
0.834324171     -0.522307632
0.895180167     -0.505391253
0.334009999     -0.826525898
0.229455625     -0.98757201
1.151276822     -0.45260785
0.347689936     -0.810237917
0.22920324     -0.988061518
1.794761945     -0.386909686
1.060986167     -0.468446781
1.278853918     -0.434007121
1.1234298     -0.457227843
0.876530978     -0.510350092
0.788518608     -0.536565328
1.378856839     -0.421881434
0.841379577     -0.520234086
0.873926981     -0.511057731
1.144044634     -0.453786437
0.777085122     -0.540353723
1.132757805     -0.455655401
1.205972697     -0.444148657
0.560560582     -0.635817788
0.938705741     -0.494519327
1.424001882     -0.41699185
1.383203087     -0.421395965
1.905924935     -0.3804759
1.843306225     -0.383985208
0.470589955     -0.69520924
0.541731768     -0.646976938
1.012183818     -0.478139726
1.82218321     -0.385234872
1.174876504     -0.448861803
0.500525973     -0.673640785
1.037269956     -0.473048615
0.178555754     -1.100344299
1.345878561     -0.425672708
1.503268893     -0.409166124