6.8335     0.676462559
7.8893     0.366368224
6.0553     0.602710542
6.9311     0.520414357
4.8225     0.759350855
9.2697     0.307202581
7.8757     0.458894507
10.6714     0.235006227
2.4014     0.186132706
6.4886     0.844369239
9.7149     0.271069245
8.8248     0.367224977
7.2836     0.498234044
4.9013     0.576959558
7.6022     0.53410141
7.1543     0.490385069
5.7529     0.552632323
3.868     0.799495275
1.6657     0.159295286
7.172     0.457730716
6.9539     0.498104149
6.9752     0.559716354
3.4951     0.439377268
6.5202     0.569340858
5.5437     0.771149574
2.1975     0.1743565
8.6374     0.363983527
8.835     0.342250801
8.3233     0.378710242
3.7567     0.827855822
10.5377     0.236303344
4.5981     0.59634368
5.7207     0.703894442
6.7373     0.539319468
2.5337     0.288217373
1.1768     0.057754491
4.8094     0.493878784
6.3101     0.731140991
7.2849     0.455352916
4.8834     0.834879067
8.5521     0.398409486
4.049     1.013833957
9.5861     0.306766394
8.2403     0.409339297
5.5325     0.792452067
6.6182     0.505402838
8.9541     0.337675829
3.3336     0.664632275
8.6359     0.369521998
6.1347     0.685372887
6.6221     0.781730941
6.2339     0.799201671
8.0428     0.403699593
4.6545     0.659397648
6.1386     0.949001371
6.4044     0.663870592
6.8897     0.643722223
3.4261     0.414063712
7.0022     0.569786209
6.5607     0.453605721
7.5289     0.474049995
4.9042     0.569503621
3.242     0.287355513
4.7136     0.691979121
7.5579     0.660677053
7.3255     0.695118106
4.7952     0.842242246
4.9405     0.71504204
3.546     0.402850903
6.932     0.574556399
5.6015     0.877758553
5.4816     0.889733023
8.4516     0.405820444
1.8334     0.16024378
6.4098     0.64392577
7.0652     0.679170638
4.0334     0.593369258
6.6433     0.575869628
5.0565     0.499557353
4.3934     0.81441971
5.5115     0.867725573
5.1639     0.636861811
6.6773     0.754974785
9.5866     0.306660452
5.2544     0.848005122
7.7579     0.600765657
4.3312     0.539684248
2.8019     0.402383478
4.1167     0.687336945
4.2101     0.567328869
9.0067     0.330913215
5.7441     0.642216113
8.4511     0.361244292
6.3173     0.722245819
7.9087     0.466386362
6.5596     0.493146199
4.1667     0.336779497
4.8934     0.617838229
4.0655     0.593150365
9.2492     0.299189751
5.7328     0.734129394
2.8425     0.260429918
10.1802     0.27946479
3.0519     0.38061033
4.4597     1.210915413
7.789     0.452296164
8.3407     0.381712418
8.1149     0.426646707
8.2029     0.440764265
5.9663     0.665715393
3.8729     0.512710203
5.11     0.496683932
6.4982     0.678574028
6.2225     0.847685765
4.0879     0.761669226
5.2775     1.086971521
7.9192     0.459469484
4.8812     0.669109995
4.3088     0.485400443
4.0492     0.894186414
7.7457     0.429804587
3.1116     0.255254498
5.3692     0.887535961
6.6622     0.613826654
6.3573     0.599466239
4.7185     0.549492821
3.5719     0.372714413
5.6806     0.657124223
4.4956     0.792850127
11.3485     0.214493519
7.4353     0.381559331
1.1128     0.062155049
6.1565     0.720637587
7.8514     0.413796447
6.6123     0.529775874
4.7281     0.45032884
7.6295     0.571968549
3.2736     0.463094824
4.3956     0.855673575
4.2191     0.386737035
3.0608     0.37126177
4.0342     0.715738027
8.7703     0.383213113
4.3971     0.850800679
7.0803     0.511342818
5.9672     0.562908508
8.5585     0.369421076
5.5319     0.533744968
3.9039     0.618278454
5.6774     0.872642267
5.1843     0.574220932
5.9524     0.673981485
3.491     0.587055948
8.8836     0.325034523
12.142     0.189701932
6.7188     0.834453341
0.7196     0.04433353
9.2876     0.339629525
2.9971     0.570800683
7.4101     0.558531161
7.9652     0.428683876
5.263     0.656913684
7.5178     0.560283987
8.1481     0.390156362
5.2515     0.600290703
7.5805     0.452214376
4.1672     0.417183486
7.3926     0.407249473
6.6028     0.544297684
4.1858     0.622060285
7.7589     0.409597536
6.4491     0.485631863
7.8719     0.428707002
5.4875     0.701673853
8.3444     0.374081104
4.2327     0.56773241
7.5545     0.457504765
7.2857     0.486824637
2.3471     0.177617824
5.6089     0.91460825
4.697     1.032134075
7.067     0.614702608
8.1923     0.366317822
7.9729     0.438168003
3.9037     0.395375898
2.2854     0.23706575
4.4442     0.714499033
6.6191     0.524604892
5.7289     0.986657857
3.1707     0.43134813
5.1743     0.49802234
8.2525     0.420255823
2.3539     0.232562003
5.9306     0.486526414
7.7128     0.448874569
4.1222     0.571875198
4.8282     0.538308718
4.1293     0.691615796
4.8265     0.642778283
6.0773     0.537302785
5.7251     0.707101526
6.7508     0.678427753
3.3036     0.380115706
5.8832     0.684436799
8.8297     0.348520725
6.5049     0.539867626
6.5098     0.638214101
7.4173     0.529852663
4.686     1.098496072
8.1396     0.366835634
5.5629     1.063683826
2.1334     0.184508962
0.8571     0.03854018
6.5441     0.561756055
5.3091     0.850656646
2.3667     0.276357174
5.4917     0.956808529
9.3654     0.269554741
5.232     0.821292721
3.5077     0.453786944
7.7892     0.353742699
7.5712     0.520515541
9.3706     0.290128111
8.5131     0.356066925
2.8748     0.260702931
9.2099     0.346890316
8.4662     0.384542205
5.8608     1.079068567
5.8765     0.934688822
7.2666     0.473574347
4.7442     0.487759261
7.1606     0.548538731
8.0765     0.447304648
7.0983     0.474766522
6.6838     0.638024189
2.5316     0.212834919
3.8513     0.595479308
7.5505     0.704369984
8.4956     0.430094111
5.4251     0.591412476
1.4748     0.084716199
6.8769     0.60356617
9.7764     0.254438529
6.4043     0.671489462
4.1863     0.801868649
6.647     0.796535487
5.0945     0.725464586
9.7932     0.279470374
6.4606     0.451855805
5.9734     0.649858257
4.7997     0.604382035
5.446     0.570881412
5.3421     0.878875178
3.027     0.323619932
3.6314     0.468393633
5.6237     0.518116296
6.6818     0.492965675
7.5226     0.394449728
3.2816     0.388902386
12.0126     0.198986303
3.0679     0.221038921
6.8782     0.529376226
3.3764     0.496871826
4.7739     0.761597761
5.3287     0.805221764
7.1843     0.542153877
4.9988     0.580982486
7.9973     0.461275794
5.6254     0.550491334
5.764     0.625461825
6.1374     0.513872457
4.8351     0.532525375
5.4804     0.585385816
8.0128     0.411387458
5.3901     0.608215502
9.3578     0.306278765
6.2083     0.755770584
6.431     0.622196058
5.0991     0.64892501
4.1197     0.621892374
8.3658     0.375826259
6.6839     0.635458535
5.884     0.690754811
6.8099     0.64018151
6.938     0.513877385
3.0195     0.369628023
4.4946     0.624221667
4.9406     0.559841662
7.2206     0.72611197
4.7842     0.495786813
6.9997     0.493950447
4.6419     0.698573657
5.723     0.874040986
5.6074     0.868884947
9.8986     0.271100534
5.0563     0.813163622
7.5667     0.382329128
4.9212     0.600399601