0.769497663     0.695583151
0.78365679     0.716578737
0.792194103     0.729214352
1.795982942     0.792166821
1.472184638     1.018167004
0.592855602     0.44524285
0.335771008     0.17837386
1.025006557     1.023726228
0.035426299     0.012383333
1.044907438     1.040709885
0.604311824     0.46020426
0.541149691     0.380799775
1.74451691     0.827329947
0.712615022     0.611592087
0.670316129     0.550620617
0.607026098     0.463783369
0.797021246     0.7363458
1.009046062     1.008880946
0.501280854     0.334758206
1.727343377     0.839307932
0.950636038     0.946025487
1.459725698     1.026028243
1.778672984     0.803860686
0.6319616     0.497253402
0.514627689     0.349807835
0.554506758     0.396947141
0.88746481     0.865542068
0.325461886     0.170398596
1.565054279     0.95513266
0.459265609     0.28979636
0.688171783     0.57612972
0.826626436     0.779750351
0.196456884     0.085737998
0.711621967     0.610141008
0.955207386     0.951389691
1.058366822     1.051204574
0.629449121     0.493834352
0.931105776     0.922350065
0.803773107     0.746300514
0.951827476     0.947430278
1.331159526     1.091710992
0.651054168     0.523554767
1.0091228     1.008954858
1.047903654     1.043116251
0.594610927     0.447519838
1.25355348     1.110736399
1.60701268     0.92520355
0.922329721     0.91133416
1.196185397     1.110687536
0.429699074     0.260346951
1.266030611     1.109050529
0.906531798     0.890964326
0.246199422     0.115238669
1.318640332     1.096068933
0.849763981     0.813061006
1.203559694     1.111450359
0.458716502     0.289233004
0.957473165     0.954022405
1.089772811     1.072486141
0.74792388     0.663591523
1.034278855     1.031853916
0.792069048     0.729029461
1.294315896     1.10319442
1.696768439     0.860878793
0.869064027     0.840253046
1.795168944     0.792713509
0.735818506     0.645690607
1.671981297     0.878548538
1.065227255     1.056239513
0.554222541     0.396599847
0.455267243     0.285708512
1.160431455     1.103620909
1.672359874     0.87827772
1.485005103     1.009891601
1.146918069     1.099454784
0.148328698     0.060525329
1.361649199     1.079320289
0.353292424     0.192376724
1.077748155     1.064874303
0.922291067     0.911285151
1.054671432     1.048404144
1.663767423     0.884430193
1.154803956     1.101987324
1.487398211     1.008327613
0.80406244     0.746726498
0.941441047     0.93502834
0.514197953     0.349317539
1.238572397     1.111990536
0.919231186     0.907392255
1.487829084     1.008045407
1.306180254     1.099948032
0.866212193     0.836274927
0.985520844     0.985107796
0.156852937     0.064767251
0.161882442     0.067314087
0.636958137     0.50408258
1.32702701     1.093199029
1.136565177     1.095695626
1.792740593     0.794346323
0.779237783     0.710029818
1.837962943     0.764427976
0.808720759     0.753577362
0.538579232     0.37773344
1.685043915     0.869219903
0.742217369     0.655145996
0.258943717     0.123404737
0.735554184     0.645300416
1.078870812     1.065613293
1.438708412     1.038831035
1.354432359     1.0824681
1.6254038     0.911990371
1.501747763     0.998833475
1.03554419     1.032934194
1.199826218     1.111093168
1.63866878     0.902452215
0.661662287     0.538398696
1.105680442     1.08152278
0.097994987     0.037299792
1.242996521     1.1117096
0.632713639     0.498278757
1.139744429     1.096902689
0.497556473     0.330624497
1.170370527     1.106155718
0.260203367     0.124225915
0.768604084     0.694257355
1.728005034     0.838844456
0.8610906     0.829094482
1.076702804     1.064180969
1.219034746     1.112306248
0.313290573     0.161229055
0.764765448     0.688561897
1.083831537     1.068808943
0.734057496     0.643091648
0.602058551     0.457242946
0.20170012     0.088676334
1.026117277     1.02471933
0.833879656     0.790263483
1.697375526     0.860447827
0.479615553     0.311115445
1.076818765     1.064258129
0.43123612     0.261833713
0.854678663     0.820042856
1.72003786     0.844435282
1.132797595     1.09420456
0.960466539     0.957473678
0.708091423     0.604988531
1.431613216     1.043008992
0.800712658     0.741791499
1.589944875     0.937428855
1.406239451     1.057274417
0.263952759     0.126685299
1.614431883     0.919876386
0.92944538     0.920283125
0.561291588     0.405285127
1.526871418     0.981792823
0.632011622     0.497321576
1.039456722     1.036230247
0.624143356     0.486647661
0.547350171     0.38825116
0.58362082     0.433357155
1.78086714     0.802370596
0.91624577     0.903569109
0.054393811     0.019507581
1.738430117     0.8315627
1.752611413     0.821723589
1.066963821     1.057480016
0.804929303     0.748002461
1.936393008     0.703206055
0.639393309     0.507425057
0.372500952     0.208390962
1.470395207     1.0193075
0.53640895     0.375154881
1.078406401     1.0653083
1.186308853     1.109299115
1.042450097     1.038706576
0.861249762     0.829318306
1.810293841     0.782609042
0.753295015     0.67154951
0.83815826     0.796436536
0.960351715     0.957341858
1.149235575     1.100228626
1.02990987     1.028070446
0.695295401     0.586405829
1.060485377     1.05278221
1.646972467     0.896483893
1.075464186     1.063352929
0.365717258     0.202655071
0.875781214     0.849563173
1.422797939     1.048089109
0.048845893     0.017386665
1.05067136     1.045303545
0.726492206     0.631945002
1.437921699     1.039298065
1.046021569     1.041609343
0.6246504     0.487332467
1.693651145     0.863093231
1.779702987     0.803160916
0.191406914     0.082944676
1.225536496     1.11237117
1.062759113     1.054452754
1.296867029     1.102534267
0.648364906     0.519817026
1.329399086     1.092350761
0.181636667     0.077641185
0.617052708     0.477115918
0.759840534     0.681255566
0.350368398     0.190000182
0.897407861     0.878906618
0.868074383     0.838874231
0.757519618     0.67781321
0.974534148     0.973271796
0.764210088     0.687737919
0.549593213     0.390965703
1.533379989     0.977304844
1.769168764     0.810340509
1.347629907     1.085316414
1.034509071     1.032050982
1.420886863     1.049173579
1.740255928     0.83029154
0.29937303     0.151064503
0.803112019     0.745327
1.576799266     0.946802091
0.844794729     0.805965448
1.610464213     0.922725985
1.81214921     0.78137744
1.074342665     1.062597074
0.533342816     0.371528214
0.091296559     0.034432251
1.204349817     1.111518365
1.268236136     1.108693724
1.330778676     1.091850132
1.407251264     1.056727245
1.023551365     1.022417163
0.361417622     0.199065112
0.992101039     0.991977253
0.432403683     0.262966301
1.120631967     1.088939321
0.486079787     0.31806759
1.634454409     0.905482404
0.133603978     0.053414155
0.303736331     0.154214838
0.581398242     0.430520307
1.199287342     1.111036708
1.354334588     1.082509865
1.492094614     1.005241744
1.051632583     1.046055177
1.383306542     1.069141619
0.271885827     0.131964161
1.026117277     1.02471933
1.173007493     1.106753692
0.210203896     0.093525553
1.087829903     1.071301664
1.106775815     1.082101573
1.391933099     1.064801479
0.337705958     0.179892362
0.066026248     0.024056661
0.83120972     0.786400377
0.489054971     0.321296529
0.488280764     0.320454518
0.805053221     0.74818482
1.614757028     0.919642802
0.660313961     0.536503359
1.145919898     1.099113877
1.017005277     1.016417423
0.834324171     0.790905844
0.895180167     0.875932089
0.334009999     0.176997822
0.229455625     0.10489509
1.151276822     1.100889807
0.347689936     0.187837263
0.22920324     0.104742459
1.794761945     0.792986974
1.060986167     1.053152163
1.278853918     1.106735503
1.1234298     1.090211247
0.876530978     0.850596958
0.788518608     0.7237776
1.378856839     1.071318721
0.841379577     0.801069078
0.873926981     0.8470018
1.144044634     1.098461014
0.777085122     0.706838079
1.132757805     1.094188461
1.205972697     1.111649766
0.560560582     0.404382426
0.938705741     0.931704936
1.424001882     1.047402776
1.383203087     1.06919272
1.905924935     0.721558625
1.843306225     0.760963879
0.470589955     0.301553912
0.541731768     0.381495994
1.012183818     1.011883399
1.82218321     0.774747489
1.174876504     1.10715871
0.500525973     0.333918035
1.037269956     1.0343963
0.178555754     0.075996006
1.345878561     1.086030585
1.503268893     0.99781604