0.769497663     1.961941732
0.78365679     1.993719915
0.792194103     1.905871804
1.795982942     2.222925967
1.472184638     2.000431364
0.592855602     1.735471645
0.335771008     1.510587319
1.025006557     1.986545547
0.035426299     0.309524127
1.044907438     1.941476792
0.604311824     1.872034831
0.541149691     1.758153969
1.74451691     2.078232782
0.712615022     1.726577276
0.670316129     1.683563199
0.607026098     1.740998746
0.797021246     1.945858826
1.009046062     1.909893782
0.501280854     1.646473952
1.727343377     2.155731825
0.950636038     2.107644724
1.459725698     1.880324189
1.778672984     2.178029985
0.6319616     1.751718407
0.514627689     1.49219055
0.554506758     1.637324518
0.88746481     1.933665191
0.325461886     1.520876122
1.565054279     2.184355081
0.459265609     1.603001646
0.688171783     1.875547075
0.826626436     1.917222176
0.196456884     1.019074745
0.711621967     1.9325558
0.955207386     1.912270443
1.058366822     2.018253536
0.629449121     1.900787787
0.931105776     1.925303626
0.803773107     2.032242029
0.951827476     1.995980749
1.331159526     2.053146546
0.651054168     1.856011636
1.0091228     2.052877276
1.047903654     2.097101204
0.594610927     1.523212812
1.25355348     2.246919815
1.60701268     2.125691984
0.922329721     2.046136908
1.196185397     1.940508869
0.429699074     1.470861762
1.266030611     1.964917847
0.906531798     1.93076621
0.246199422     1.146275344
1.318640332     2.201712962
0.849763981     1.959613298
1.203559694     2.202590183
0.458716502     1.771808245
0.957473165     1.953900004
1.089772811     2.249911805
0.74792388     1.76726679
1.034278855     2.174950951
0.792069048     1.988740296
1.294315896     2.107279242
1.696768439     2.148683746
0.869064027     1.842343301
1.795168944     2.135238121
0.735818506     1.774028906
1.671981297     2.141865332
1.065227255     2.064083599
0.554222541     1.58378018
0.455267243     1.75531802
1.160431455     2.099043952
1.672359874     2.101571682
1.485005103     2.282432032
1.146918069     2.145293116
0.148328698     0.850428336
1.361649199     2.047699964
0.353292424     1.479761278
1.077748155     2.042246459
0.922291067     2.003004846
1.054671432     2.00791435
1.663767423     2.189402387
1.154803956     2.146101649
1.487398211     2.022016468
0.80406244     2.045606376
0.941441047     1.906210564
0.514197953     1.574070639
1.238572397     1.989154237
0.919231186     1.91020755
1.487829084     2.143052766
1.306180254     2.280516441
0.866212193     1.934992798
0.985520844     1.875101706
0.156852937     1.022045945
0.161882442     1.038231332
0.636958137     1.88240239
1.32702701     2.076919138
1.136565177     1.976995596
1.792740593     2.251632809
0.779237783     1.852731288
1.837962943     2.19495913
0.808720759     2.003506132
0.538579232     1.753944664
1.685043915     2.177373257
0.742217369     1.766702025
0.258943717     1.289749948
0.735554184     1.880815904
1.078870812     1.975134161
1.438708412     2.027395745
1.354432359     2.088973684
1.6254038     2.17642683
1.501747763     2.175211316
1.03554419     2.157509271
1.199826218     1.902768269
1.63866878     1.943638996
0.661662287     1.794763679
1.105680442     2.151640784
0.097994987     0.635953953
1.242996521     1.990352247
0.632713639     1.992493324
1.139744429     2.182186043
0.497556473     1.626081748
1.170370527     1.995936223
0.260203367     1.265202344
0.768604084     1.908647782
1.728005034     1.968561229
0.8610906     2.035970612
1.076702804     2.209346961
1.219034746     2.095365945
0.313290573     1.520214572
0.764765448     1.86138302
1.083831537     1.788077044
0.734057496     1.942939168
0.602058551     1.761710897
0.20170012     1.152887942
1.026117277     2.140301986
0.833879656     2.020063148
1.697375526     2.194527322
0.479615553     1.607896347
1.076818765     2.152619975
0.43123612     1.54586178
0.854678663     2.001882604
1.72003786     2.277291689
1.132797595     2.034802542
0.960466539     2.023859135
0.708091423     1.838948686
1.431613216     2.080841316
0.800712658     1.947914043
1.589944875     2.06762112
1.406239451     2.166218795
0.263952759     1.293292831
1.614431883     2.055302728
0.92944538     1.973345453
0.561291588     1.940700818
1.526871418     2.283413178
0.632011622     1.71197207
1.039456722     1.941862597
0.624143356     1.742483712
0.547350171     1.654714581
0.58362082     1.6057313
1.78086714     2.140631996
0.91624577     2.04659173
0.054393811     0.623814241
1.738430117     2.18413259
1.752611413     2.166794946
1.066963821     2.09395933
0.804929303     2.065796224
1.936393008     2.274099379
0.639393309     1.971802173
0.372500952     1.371171875
1.470395207     2.239469275
0.53640895     1.679835918
1.078406401     2.190610702
1.186308853     2.089203767
1.042450097     2.039007817
0.861249762     2.039655961
1.810293841     2.241786391
0.753295015     2.065042447
0.83815826     1.930153842
0.960351715     2.050617053
1.149235575     2.025108191
1.02990987     1.884896257
0.695295401     1.881973693
1.060485377     2.031014859
1.646972467     2.235819353
1.075464186     2.096529569
0.365717258     1.365151427
0.875781214     1.9181754
1.422797939     2.080919526
0.048845893     0.278230696
1.05067136     1.760862288
0.726492206     1.832656809
1.437921699     1.955158295
1.046021569     2.072723208
0.6246504     1.712780621
1.693651145     2.170625632
1.779702987     2.226090549
0.191406914     0.971855378
1.225536496     2.042780542
1.062759113     2.130296205
1.296867029     1.97627938
0.648364906     1.855490139
1.329399086     2.186628711
0.181636667     1.116135705
0.617052708     1.754355084
0.759840534     1.951544863
0.350368398     1.497417658
0.897407861     1.978830084
0.868074383     2.079175001
0.757519618     2.187583211
0.974534148     2.003071778
0.764210088     1.756814601
0.549593213     1.70908684
1.533379989     2.295763616
1.769168764     2.238842254
1.347629907     1.957772546
1.034509071     1.903581515
1.420886863     2.071352225
1.740255928     2.110798706
0.29937303     1.275927947
0.803112019     1.919566325
1.576799266     2.157026175
0.844794729     1.981084229
1.610464213     2.08186357
1.81214921     2.107648743
1.074342665     2.086467552
0.533342816     1.632874067
0.091296559     0.555664628
1.204349817     1.938071467
1.268236136     2.206958473
1.330778676     2.069128906
1.407251264     2.043805078
1.023551365     2.091369955
0.361417622     1.351372263
0.992101039     1.886097755
0.432403683     1.549591321
1.120631967     2.072129816
0.486079787     1.74614773
1.634454409     2.166208413
0.133603978     0.868079826
0.303736331     1.296446869
0.581398242     1.68709221
1.199287342     2.07377011
1.354334588     2.159572662
1.492094614     2.212852592
1.051632583     1.968835681
1.383306542     2.082950166
0.271885827     1.347324309
1.026117277     1.900967318
1.173007493     2.065262163
0.210203896     1.210471085
1.087829903     1.988858492
1.106775815     1.763452063
1.391933099     2.123471697
0.337705958     1.477987562
0.066026248     0.618196697
0.83120972     1.742889743
0.489054971     1.566144455
0.488280764     1.556913924
0.805053221     1.824250357
1.614757028     2.274226531
0.660313961     1.655677291
1.145919898     1.851270063
1.017005277     2.074445774
0.834324171     1.896648275
0.895180167     1.92429924
0.334009999     1.598062997
0.229455625     1.132794568
1.151276822     2.164615964
0.347689936     1.361542029
0.22920324     1.129453198
1.794761945     2.16087427
1.060986167     1.986391239
1.278853918     2.169635733
1.1234298     2.088809129
0.876530978     1.629364688
0.788518608     1.741461642
1.378856839     2.022347241
0.841379577     1.816593649
0.873926981     1.897438874
1.144044634     1.922797979
0.777085122     1.922643352
1.132757805     2.013216321
1.205972697     1.911019163
0.560560582     1.635158889
0.938705741     2.112469449
1.424001882     2.234242554
1.383203087     2.147371584
1.905924935     2.292804988
1.843306225     2.270255493
0.470589955     1.589478917
0.541731768     1.872678648
1.012183818     1.983526117
1.82218321     2.19529096
1.174876504     1.937149892
0.500525973     1.653904292
1.037269956     1.936981155
0.178555754     1.153572808
1.345878561     2.107903372
1.503268893     2.306239808