2.119096851     6.037809805
0.501469574     2.640344477
0.983492671     4.914119303
0.945059699     4.052986081
1.332064474     4.559665622
1.148156687     5.032451927
0.695893393     3.865438197
1.062527761     4.129715748
0.841178351     3.710928547
0.658288061     2.76184631
0.350457074     2.939955421
0.408364602     3.098479216
1.790062131     5.607865928
0.999483862     4.887611038
0.478101245     2.800370723
1.021636879     4.381648663
0.486275328     3.34085388
0.951443215     5.122719286
0.281253622     2.367758486
1.074613808     4.434677618
1.381819518     4.936024611
1.218108767     4.555112055
0.560448032     3.352808039
0.168510385     1.704484115
1.250513494     4.090232617
0.485885382     2.5351087
1.840150278     5.204663253
0.92186531     4.062581251
1.014977104     5.186888237
1.15773594     4.491703321
0.124361239     2.509486452
1.379519633     4.906783995
0.866330427     3.970904338
0.607234713     3.066693585
1.333067192     5.665359581
1.108693712     4.946325082
-0.096823325     0.614434349
1.222491963     4.063578719
0.168358045     1.502139311
1.508372295     4.963660362
0.667601287     3.357078396
0.871595833     3.459992948
0.196456884     1.980682228
1.284861699     5.383305047
1.175039645     4.460677786
0.722842858     3.981552484
0.538579232     2.790258432
0.543765625     3.844374951
0.145375114     1.962881442
1.288739557     5.51402086
1.378347522     5.497783282
0.663199333     2.995809164
1.293952098     3.952858076
1.143008947     4.4876975
1.054863563     3.941305172
1.592715423     4.986443227
0.466620011     2.832347613
-0.055386747     1.718928056
0.956013994     3.956763437
0.713292027     3.114186513
1.303600132     4.231259777
0.163901521     2.547761715
1.086936893     2.849689389
1.32702701     5.342338835
1.935951903     5.904119012
1.178214918     3.429313189
0.739330292     4.362637069
1.203975787     3.946364476
2.117696229     6.154354281
1.375248419     4.734410611
1.635225206     4.781629583
0.172448497     2.672618558
0.626371618     3.928005614
1.239901965     4.092213256
0.538287057     3.373085134
0.300595164     1.542794059
1.406985237     5.45619728
0.54625423     3.849228008
1.110613882     4.554993017
1.273063279     4.393289451
1.19626782     5.013035894
0.950020992     4.51641746
1.753918812     5.555492718
1.508437097     4.769300942
1.054709517     4.563887575
0.821132519     4.04826915
0.208466761     2.538417941
0.855875217     4.037600134
0.233814378     3.093588706
1.364287303     4.585771505
1.364087782     5.171895116
0.861329343     4.030088862
0.278122687     1.865796544
1.0917953     4.301655733
1.107362439     3.954317296
0.218096036     2.220536258
1.00962018     4.331723243
1.506132665     4.550979533
0.876767447     3.935059767
1.223844268     4.359548467
1.096973736     4.126362871
1.088684828     4.035976649
0.905792265     4.386561812
2.349417289     6.331576448
0.93585277     3.915647521
0.836545044     3.561435766
1.72285502     4.825361575
0.745097057     4.016588894
1.020143602     4.219146335
1.704012564     5.06150194
1.507347977     5.333587728
0.886837259     2.998520303
1.788468242     4.764378907
0.902597665     3.969062561
1.894510777     4.956924173
0.68984298     4.449873458
0.964532549     3.964258555
0.773446007     3.995011616
0.889856781     3.996775388
1.08375423     3.280136415
0.699017508     3.754042503
1.628425596     5.054499462
1.071868271     3.788763563
0.610403165     4.164326119
0.399725539     3.265620955
1.492653953     5.028143736
1.371154556     4.224035927
0.452140855     3.242093502
1.169965233     3.498865057
1.121852963     4.867573915
0.488474032     2.067393797
0.631007768     2.813880827
2.244388841     6.715563332
1.007784138     4.663112986
1.263127049     4.652320463
2.011408131     4.914081882
1.284636599     3.790595673
0.931067123     4.993905389
2.011408131     6.31384084
1.203269224     4.427597592
1.785958036     6.296499658
0.467767111     3.515891309
1.445493242     4.983625542
0.520233587     3.855981137
1.783597898     5.457454159
1.437248673     4.230331849
0.157801085     1.816766116
0.41660235     2.551361312
0.403872835     3.082449818
0.617411959     2.900229465
1.559869022     5.144583849
1.494210326     5.08166583
0.745967898     3.849257534
1.864515641     4.654892856
1.392453217     5.224919709
1.157816658     4.516538782
1.200530508     4.071714429
1.621161007     5.169391535
1.281494295     4.410469865
1.081621465     3.699865477
1.516652108     5.707699666
1.189880325     3.875271566
0.720027972     3.115174523
1.395740472     4.537697129
1.907907634     6.230582104
0.438049372     3.711180617
1.518155048     4.605218766
1.079645588     3.315764658
1.348945832     5.557669948
1.470812438     5.274514591
0.582482815     3.067965664
0.598371687     3.595510924
1.16333388     4.358737806
1.162406195     4.76459648
0.449413508     2.65483558
0.304441189     3.155024788
0.959008505     4.753417941
0.615974957     3.818916498
1.97460088     5.888801143
1.775855824     5.874917893
0.234803454     2.991350788
0.208600912     1.872331094
0.613555701     3.3871323
0.329525053     2.465738164
1.02990987     3.90360576
0.61618073     3.209328683
0.638151849     3.409474383
0.255367129     2.301206403
1.573611487     6.384899294
0.66855512     3.587363464
0.252690941     2.387551824
0.638301347     1.904742577
-0.095977495     0.939753241
-0.131120371     -0.041947009
1.96383701     5.345620807
1.497022938     4.617781146
1.192225684     4.561593234
1.005373977     3.379664563
0.142228262     2.151470728
1.344762157     4.686903344
0.625410965     3.562944145
1.284771886     4.503222307
1.531895239     5.073810212
0.478957307     3.15814509
0.004076017     0.770974346
1.855613962     4.887275101
1.063221819     5.215272061
1.629606802     5.357424978
0.192114046     1.573890827
1.372971272     4.012661545
0.622669975     3.283473075
2.201096893     6.304069098
1.798027031     4.977239843
1.763352546     5.532547768
0.306448899     2.153490115
1.35237008     4.22604807
0.929136152     3.553077603
1.084957037     4.607823219
0.593014763     3.416859611
0.436320195     3.141174125
1.261107971     4.736802975
1.615165163     5.27031299
0.873057845     3.526369361
1.376060143     4.823511609
2.186544978     6.296100208
1.243642262     5.311418244
1.862137313     5.097088061
0.836141455     4.091731294
0.183094133     3.023524011
1.827551503     5.262687061
1.472124384     4.863687364
1.409708036     4.46913267
1.175161858     5.130607593
1.411959036     5.224472634
-0.060411705     0.552896295
0.980813072     4.195731509
1.01777039     4.449756863
0.430577873     3.065994377
1.23951543     5.152353373
1.459433522     5.719687792
1.003920491     3.940309088
0.456373416     2.833973996
1.430227374     4.165663526
1.30724209     4.630661379
1.330445573     4.733584203
0.42133627     3.82777656
1.478676156     4.820084231
0.812132501     4.128143456
1.51743541     4.70027579
1.227995542     4.638883376
0.634064807     4.125678196
0.014694367     0.582398328
0.247152118     2.200015844
1.383973884     4.168538046
0.804640538     3.502513461
0.81811186     4.431353738
0.494950771     2.676140519
1.479039954     5.020712558
0.919540983     3.753419745
1.292407663     5.076068561
0.369886154     3.273620783
0.445539061     3.164227508
0.787639808     3.956872944
1.555594397     4.205276858
0.7795328     4.19530016
1.568544465     5.881601909
1.189099865     4.146669492
0.001565811     1.471550301
1.081001872     5.359282208
0.419313781     3.005021628
1.4944593     4.594153264
0.580637677     3.034103266
0.096630745     1.41149505
1.689867647     5.217961888
0.53558472     3.588663365
-0.034995876     1.666250215
0.424983343     3.012973462
1.61191713     4.847530444
1.637633093     4.318286456
1.453342182     5.419960166
0.492459892     3.49226183
1.070979809     4.311938135
1.034509071     4.851212206
0.796647785     3.839908116
0.943057674     3.591443214
1.304336254     4.315273645
1.306133643     4.57666708
1.392712991     4.11488621
0.83153316     3.138814263
0.40720727     1.987023951
1.173982926     4.435460982
0.942095315     3.439373022
0.817621301     4.354208393
1.195772145     4.348774742
-0.052217158     0.524321811
1.569129952     5.079756593
1.537860387     5.35514689
1.044369699     3.512776751
0.635513177     3.44630776
1.071288468     4.572071875