0.769497663     13.5784541
0.78365679     13.70817995
0.792194103     13.78580885
1.795982942     20.99989846
1.472184638     18.97488233
0.592855602     11.84119506
0.335771008     8.714513871
1.025006557     15.75600328
0.035426299     0.925513236
1.044907438     15.91310339
0.604311824     11.9615198
0.541149691     11.28217278
1.74451691     20.69128385
0.712615022     13.04429973
0.670316129     12.63245947
0.607026098     11.9898509
0.797021246     13.82950872
1.009046062     15.62886802
0.501280854     10.83144559
1.727343377     20.58727384
0.950636038     15.15450459
1.459725698     18.89262884
1.778672984     20.89660848
0.6319616     12.24705679
0.514627689     10.98439449
0.554506758     11.42920336
0.88746481     14.62416502
0.325461886     8.565364645
1.565054279     19.57711853
0.459265609     10.33520209
0.688171783     12.80792511
0.826626436     14.09455955
0.196456884     6.412037196
0.711621967     13.03478008
0.955207386     15.19216398
1.058366822     16.01848012
0.629449121     12.22138618
0.931105776     14.99254628
0.803773107     13.89040232
0.951827476     15.16432883
1.331159526     18.0219278
0.651054168     12.44039959
1.0091228     15.62948176
1.047903654     15.93662177
0.594610927     11.85971044
1.25355348     17.47536466
1.60701268     19.84321471
0.922329721     14.9191967
1.196185397     17.06008058
0.429699074     9.971196944
1.266030611     17.56438592
0.906531798     14.7862419
0.246199422     7.317776677
1.318640332     17.93488453
0.849763981     14.29828644
1.203559694     17.1140271
0.458716502     10.32855873
0.957473165     15.21079522
1.089772811     16.26170971
0.74792388     13.37837696
1.034278855     15.82939398
0.792069048     13.7846749
1.294315896     17.76454261
1.696768439     20.40078699
0.869064027     14.46602941
1.795168944     20.99505266
0.735818506     13.26478897
1.671981297     20.24834127
1.065227255     16.07192626
0.554222541     11.42609449
0.455267243     10.28672984
1.160431455     16.79606691
1.672359874     20.25067822
1.485005103     19.05915202
1.146918069     16.69519444
0.148328698     5.392789121
1.361649199     18.23217759
0.353292424     8.962315884
1.077748155     16.16901477
0.922291067     14.91887284
1.054671432     15.98961719
1.663767423     20.19757054
1.154803956     16.75413349
1.487398211     19.07484083
0.80406244     13.89300579
0.941441047     15.07847014
0.514197953     10.9795031
1.238572397     17.3678755
0.919231186     14.8932131
1.487829084     19.07766419
1.306180254     17.84783078
0.866212193     14.44136587
0.985520844     15.43956641
0.156852937     5.586880547
0.161882442     5.698298913
0.636958137     12.29794838
1.32702701     17.99324186
1.136565177     16.61749964
1.792740593     20.9805898
0.779237783     13.6678252
1.837962943     21.24831136
0.808720759     13.93485521
0.538579232     11.25365754
1.685043915     20.32882138
0.742217369     13.32495187
0.258943717     7.53232562
0.735554184     13.26229792
1.078870812     16.17769152
1.438708412     18.75305583
1.354432359     18.18263154
1.6254038     19.95873117
1.501747763     19.16864473
1.03554419     15.8393828
1.199826218     17.08673622
1.63866878     20.04163653
0.661662287     12.54653625
1.105680442     16.38353169
0.097994987     4.061864935
1.242996521     17.39968765
0.632713639     12.2547301
1.139744429     16.64139739
0.497556473     10.78837885
1.170370527     16.8698735
0.260203367     7.553200762
0.768604084     13.57022553
1.728005034     20.59129084
0.8610906     14.39696669
1.076702804     16.16093132
1.219034746     17.2266853
0.313290573     8.38585972
0.764765448     13.53482035
1.083831537     16.2159762
0.734057496     13.2481838
0.602058551     11.93794948
0.20170012     6.513449931
1.026117277     15.76481269
0.833879656     14.15873985
1.697375526     20.4045064
0.479615553     10.57846342
1.076818765     16.16182821
0.43123612     9.990446937
0.854678663     14.34118774
1.72003786     20.54286896
1.132797595     16.58913496
0.960466539     15.23537445
0.708091423     13.00087904
1.431613216     18.70570245
0.800712658     13.86283393
1.589944875     19.73540521
1.406239451     18.53536789
0.263952759     7.614997685
1.614431883     19.8898962
0.92944538     14.97869637
0.561291588     11.503169
1.526871418     19.33178353
0.632011622     12.24756733
1.039456722     15.87022938
0.624143356     12.16699795
0.547350171     11.35066266
0.58362082     11.74330469
1.78086714     20.90972943
0.91624577     14.86813514
0.054393811     2.366104974
1.738430117     20.65447964
1.752611413     20.74012664
1.066963821     16.0854268
0.804929303     13.90080306
1.936393008     21.8196758
0.639393309     12.32267533
0.372500952     9.226333941
1.470395207     18.96309051
0.53640895     11.22952526
1.078406401     16.17410276
1.186308853     16.98756054
1.042450097     15.89378886
0.861249762     14.39834853
1.810293841     21.08491072
0.753295015     13.42846803
0.83815826     14.19646312
0.960351715     15.23443234
1.149235575     16.71253702
1.02990987     15.79485573
0.695295401     12.87726098
1.060485377     16.03500372
1.646972467     20.09336002
1.075464186     16.15134813
0.365717258     9.133964884
0.875781214     14.52395619
1.422797939     18.64670171
0.048845893     2.052187431
1.05067136     15.9583157
0.726492206     13.17661002
1.437921699     18.7478112
1.046021569     15.92185266
0.6246504     12.17220604
1.693651145     20.38167771
1.779702987     20.90276888
0.191406914     6.312822546
1.225536496     17.27379877
1.062759113     16.05271872
1.296867029     17.78248456
0.648364906     12.41334872
1.329399086     18.00971325
0.181636667     6.116303357
0.617052708     12.09393141
0.759840534     13.48925993
0.350368398     8.921440439
0.897407861     14.70890768
0.868074383     14.45747543
0.757519618     13.46773569
0.974534148     15.35035951
0.764210088     13.52969039
0.549593213     11.3753375
1.533379989     19.37382247
1.769168764     20.83967828
1.347629907     18.13580648
1.034509071     15.83121182
1.420886863     18.63388622
1.740255928     20.66552641
0.29937303     8.175772593
0.803112019     13.88445191
1.576799266     19.65196724
0.844794729     14.25477752
1.610464213     19.86494534
1.81214921     21.09590725
1.074342665     16.14266602
0.533342816     11.19534296
0.091296559     3.850212949
1.204349817     17.11979714
1.268236136     17.58007491
1.330778676     18.01928603
1.407251264     18.54219016
1.023551365     15.7444543
0.361417622     9.07493281
0.992101039     15.49274862
0.432403683     10.00504477
1.120631967     16.49721164
0.486079787     10.65457398
1.634454409     20.01533418
0.133603978     5.03993993
0.303736331     8.242213462
0.581398242     11.71962288
1.199287342     17.08279355
1.354334588     18.18195938
1.492094614     19.1055922
1.051632583     15.9658431
1.383306542     18.38006081
0.271885827     7.744124014
1.026117277     15.76481269
1.173007493     16.88940121
0.210203896     6.674651601
1.087829903     16.24676816
1.106775815     16.39188683
1.391933099     18.43863538
0.337705958     8.742224517
0.066026248     2.916601104
0.83120972     14.13514874
0.489054971     10.689422
0.488280764     10.68036474
0.805053221     13.90191732
1.614757028     19.8919395
0.660313961     12.5330958
1.145919898     16.68771927
1.017005277     15.69239686
0.834324171     14.16266369
0.895180167     14.68996398
0.334009999     8.689217442
0.229455625     7.025945221
1.151276822     16.72779739
0.347689936     8.883832731
0.22920324     7.021453553
1.794761945     20.99262933
1.060986167     16.03890712
1.278853918     17.65540936
1.1234298     16.51839732
0.876530978     14.53040758
0.788518608     13.75244167
1.378856839     18.34977411
0.841379577     14.22479857
0.873926981     14.50798901
1.144044634     16.67366662
0.777085122     13.6481237
1.132757805     16.58883514
1.205972697     17.13164249
0.560560582     11.49522273
0.938705741     15.05577747
1.424001882     18.65477072
1.383203087     18.37935722
1.905924935     21.64442731
1.843306225     21.27972171
0.470589955     10.47126968
0.541731768     11.28862002
1.012183818     15.65394374
1.82218321     21.15527836
1.174876504     16.90322827
0.500525973     10.8227304
1.037269956     15.85299622
0.178555754     6.053010697
1.345878561     18.12373141
1.503268893     19.17856155