0.769497663     4.11780901
0.78365679     4.318374654
0.792194103     4.437562786
1.795982942     13.44107719
1.472184638     11.2542219
0.592855602     1.249151448
0.335771008     -5.004584627
1.025006557     7.271689106
0.035426299     -29.74330908
1.044907438     7.48321136
0.604311824     1.459685557
0.541149691     0.245347202
1.74451691     13.12125442
0.712615022     3.2730466
0.670316129     2.599935721
0.607026098     1.508981568
0.797021246     4.504386626
1.009046062     7.099059306
0.501280854     -0.59647623
1.727343377     13.01243069
0.950636038     6.443135948
1.459725698     11.16073394
1.778672984     13.33454329
0.6319616     1.951806892
0.514627689     -0.307427311
0.554506758     0.513560868
0.88746481     5.6867495
0.325461886     -5.347609097
1.565054279     11.92712557
0.459265609     -1.559392242
0.688171783     2.889115336
0.826626436     4.905573646
0.196456884     -10.90043521
0.711621967     3.257707008
0.955207386     6.495905156
1.058366822     7.623996846
0.629449121     1.907987214
0.931105776     6.21479368
0.803773107     4.597179197
0.951827476     6.456913684
1.331159526     10.14655425
0.651054168     2.279213239
1.0091228     7.099895825
1.047903654     7.514708133
0.594610927     1.281672093
1.25355348     9.485805325
1.60701268     12.21814675
0.922329721     6.110622452
1.196185397     8.970514235
0.429699074     -2.291371575
1.266030611     9.59475153
0.906531798     5.920579112
0.246199422     -8.417747542
1.318640332     10.0426127
0.849763981     5.209236988
1.203559694     9.038119351
0.458716502     -1.572551927
0.957473165     6.521966571
1.089772811     7.945661687
0.74792388     3.80500522
1.034278855     7.37074868
0.792069048     4.435826199
1.294315896     9.837805189
1.696768439     12.81598076
0.869064027     5.456276748
1.795168944     13.4360905
0.735818506     3.625510357
1.671981297     12.65410261
1.065227255     7.695069775
0.554222541     0.507921282
0.455267243     -1.655577537
1.160431455     8.636710679
1.672359874     12.656593
1.485005103     11.34960029
1.146918069     8.507862454
0.148328698     -13.99156989
1.361649199     10.39566273
0.353292424     -4.445050852
1.077748155     7.82361205
0.922291067     6.110161442
1.054671432     7.585522075
1.663767423     12.59993019
1.154803956     8.58323654
1.487398211     11.36731269
0.80406244     4.601138138
0.941441047     6.336220962
0.514197953     -0.316616616
1.238572397     9.35355366
0.919231186     6.073606117
1.487829084     11.37049874
1.306180254     9.938177454
0.866212193     5.420120887
0.985520844     6.839564979
0.156852937     -13.37691282
0.161882442     -13.02973361
0.636958137     2.03843521
1.32702701     10.1123522
1.136565177     8.408117827
1.792740593     13.42120057
0.779237783     4.256170578
1.837962943     13.69523648
0.808720759     4.664682514
0.538579232     0.192972756
1.685043915     12.73970788
0.742217369     3.720755586
0.258943717     -7.862590048
0.735554184     3.621558208
1.078870812     7.835064447
1.438708412     11.00120352
1.354432359     10.33720688
1.6254038     12.34331905
1.501747763     11.47292566
1.03554419     7.384197836
1.199826218     9.003944008
1.63866878     12.43272612
0.661662287     2.457000069
1.105680442     8.105070231
0.097994987     -18.5512285
1.242996521     9.39277515
0.632713639     1.964889191
1.139744429     8.438844574
0.497556473     -0.678508368
1.170370527     8.730524273
0.260203367     -7.809209502
0.768604084     4.10502784
1.728005034     13.01664342
0.8610906     5.35488891
1.076702804     7.812937533
1.219034746     9.178652892
0.313290573     -5.766865879
0.764765448     4.049952943
1.083831537     7.885527305
0.734057496     3.599152869
0.602058551     1.418593646
0.20170012     -10.61070563
1.026117277     7.283602498
0.833879656     5.001671972
1.697375526     12.81991575
0.479615553     -1.0824747
1.076818765     7.81412217
0.43123612     -2.252094463
0.854678663     5.272673152
1.72003786     12.96580932
1.132797595     8.37159353
0.960466539     6.556302521
0.708091423     3.202997284
1.431613216     10.94682125
0.800712658     4.555215621
1.589944875     12.1006928
1.406239451     10.75010994
0.263952759     -7.651836485
1.614431883     12.26881432
0.92944538     6.1951604
0.561291588     0.647337818
1.526871418     11.65542899
0.632011622     1.952677547
1.039456722     7.425680134
0.624143356     1.814872802
0.547350171     0.370668335
0.58362082     1.076458334
1.78086714     13.34810443
0.91624577     6.037822933
0.054393811     -25.0265539
1.738430117     13.08280722
1.752611413     13.17217603
1.066963821     7.71298771
0.804929303     4.612990894
1.936393008     14.26909665
0.639393309     2.080409424
0.372500952     -3.86267254
1.470395207     11.24084334
0.53640895     0.148557134
1.078406401     7.830328365
1.186308853     8.879313506
1.042450097     7.457311855
0.861249762     5.356921937
1.810293841     13.52838093
0.753295015     3.883718241
0.83815826     5.057968239
0.960351715     6.55498739
1.149235575     8.530067044
1.02990987     7.324184229
0.695295401     3.002396651
1.060485377     7.645993768
1.646972467     12.48832607
1.075464186     7.800276062
0.365717258     -4.064842396
0.875781214     5.540971276
1.422797939     10.87887844
0.048845893     -26.20993475
1.05067136     7.543722854
0.726492206     3.485197234
1.437921699     10.99518687
1.046021569     7.494933845
0.6246504     1.823805397
1.693651145     12.79575303
1.779702987     13.34091138
0.191406914     -11.18689045
1.225536496     9.237165744
1.062759113     7.669553095
1.296867029     9.859465159
0.648364906     2.23368224
1.329399086     10.13199728
0.181636667     -11.76321615
0.617052708     1.689190843
0.759840534     3.978886395
0.350368398     -4.536471236
0.897407861     5.809306917
0.868074383     5.443743394
0.757519618     3.945235721
0.974534148     6.71624709
0.764210088     4.041962023
0.549593213     0.415654242
1.533379989     11.70221886
1.769168764     13.27560793
1.347629907     10.28182168
1.034509071     7.373196853
1.420886863     10.86409351
1.740255928     13.09435406
0.29937303     -6.266713803
0.803112019     4.588128184
1.576799266     12.00936712
0.844794729     5.144722341
1.610464213     12.24174715
1.81214921     13.53964905
1.074342665     7.788799001
0.533342816     0.085500325
0.091296559     -19.33006399
1.204349817     9.045338354
1.268236136     9.613897724
1.330778676     10.14340666
1.407251264     10.75802178
1.023551365     7.256061415
0.361417622     -4.194932558
0.992101039     6.912766446
0.432403683     -2.222352432
1.120631967     8.252820607
0.486079787     -0.935207476
1.634454409     12.40439959
0.133603978     -15.14162767
0.303736331     -6.107548148
0.581398242     1.034487539
1.199287342     8.999002486
1.354334588     10.3364128
1.492094614     11.40199005
1.051632583     7.553781774
1.383306542     10.56924346
0.271885827     -7.326103599
1.026117277     7.283602498
1.173007493     8.755280533
0.210203896     -10.15645015
1.087829903     7.926032768
1.106775815     8.115962291
1.391933099     10.6376285
0.337705958     -4.941376798
0.066026248     -22.89473211
0.83120972     4.966395401
0.489054971     -0.868084188
0.488280764     -0.885511728
0.805053221     4.614684202
1.614757028     12.27102948
0.660313961     2.434561556
1.145919898     8.498284907
1.017005277     7.185485364
0.834324171     5.007534163
0.895180167     5.781966952
0.334009999     -5.062427843
0.229455625     -9.192501856
1.151276822     8.549587671
0.347689936     -4.620886034
0.22920324     -9.204607739
1.794761945     13.43359631
1.060986167     7.65118704
1.278853918     9.705607303
1.1234298     8.280249601
0.876530978     5.550384444
0.788518608     4.38640799
1.378856839     10.53380256
0.841379577     5.100163812
0.873926981     5.517657022
1.144044634     8.480268987
0.777085122     4.225740793
1.132757805     8.371207143
1.205972697     9.060151046
0.560560582     0.633002477
0.938705741     6.304214539
1.424001882     10.88818248
1.383203087     10.56842076
1.905924935     14.09464163
1.843306225     13.72716903
0.470589955     -1.291449628
0.541731768     0.257172777
1.012183818     7.13321212
1.82218321     13.60038883
1.174876504     8.77279343
0.500525973     -0.613053662
1.037269956     7.402514413
0.178555754     -11.95139817
1.345878561     10.26751706
1.503268893     11.48406199