6.8335      0.098992106
7.8893      0.046438622
6.0553      0.099534382
6.9311      0.075083949
4.8225      0.157460001
9.2697      0.033140509
7.8757      0.058267139
10.6714      0.022022061
2.4014      0.07751008
6.4886      0.13013119
9.7149      0.027902423
8.8248      0.041612838
7.2836      0.068404916
4.9013      0.117715618
7.6022      0.070256164
7.1543      0.068544102
5.7529      0.096061521
3.868      0.206694745
1.6657      0.095632639
7.172      0.063821907
6.9539      0.071629467
6.9752      0.080243771
3.4951      0.12571236
6.5202      0.087319539
5.5437      0.139103771
2.1975      0.079343117
8.6374      0.042140404
8.835      0.038738065
8.3233      0.045500011
3.7567      0.220367829
10.5377      0.022424566
4.5981      0.129693499
5.7207      0.123043411
6.7373      0.080049793
2.5337      0.113753551
1.1768      0.049077575
4.8094      0.102690311
6.3101      0.115868368
7.2849      0.062506406
4.8834      0.170962663
8.5521      0.046586158
4.049      0.250391197
9.5861      0.032001168
8.2403      0.049675291
5.5325      0.143235801
6.6182      0.076365604
8.9541      0.037711867
3.3336      0.199373733
8.6359      0.042789055
6.1347      0.111720685
6.6221      0.118048797
6.2339      0.128202517
8.0428      0.050193912
4.6545      0.141668847
6.1386      0.154595734
6.4044      0.103658515
6.8897      0.093432548
3.4261      0.120855699
7.0022      0.081372456
6.5607      0.069139836
7.5289      0.062964044
4.9042      0.116125692
3.242      0.08863526
4.7136      0.146804803
7.5579      0.087415427
7.3255      0.094890193
4.7952      0.175642777
4.9405      0.144730703
3.546      0.113607136
6.932      0.082884651
5.6015      0.156700625
5.4816      0.16231265
8.4516      0.048016996
1.8334      0.08740252
6.4098      0.100459573
7.0652      0.096129004
4.0334      0.147113913
6.6433      0.086684273
5.0565      0.098795086
4.3934      0.185373449
5.5115      0.157439095
5.1639      0.123329617
6.6773      0.113065878
9.5866      0.031988448
5.2544      0.161389525
7.7579      0.077439211
4.3312      0.124603862
2.8019      0.143610935
4.1167      0.166963088
4.2101      0.13475425
9.0067      0.036740784
5.7441      0.11180448
8.4511      0.042745239
6.3173      0.114328245
7.9087      0.058971305
6.5596      0.07517931
4.1667      0.080826433
4.8934      0.126259498
4.0655      0.145898503
9.2492      0.032347636
5.7328      0.128057737
2.8425      0.091620024
10.1802      0.027451798
3.0519      0.124712582
4.4597      0.271523962
7.789      0.058068579
8.3407      0.045765034
8.1149      0.05257572
8.2029      0.053732737
5.9663      0.111579269
3.8729      0.132384054
5.11      0.097198421
6.4982      0.104424922
6.2225      0.136229131
4.0879      0.186322862
5.2775      0.205963339
7.9192      0.058019684
4.8812      0.137078996
4.3088      0.112653278
4.0492      0.22083039
7.7457      0.055489444
3.1116      0.082033198
5.3692      0.165301341
6.6622      0.092135729
6.3573      0.094295729
4.7185      0.11645498
3.5719      0.104346262
5.6806      0.115678665
4.4956      0.176361359
11.3485      0.018900605
7.4353      0.051317275
1.1128      0.055854645
6.1565      0.117053129
7.8514      0.052703524
6.6123      0.080119758
4.7281      0.095245202
7.6295      0.074968025
3.2736      0.141463472
4.3956      0.194665933
4.2191      0.091663396
3.0608      0.121295665
4.0342      0.177417586
8.7703      0.043694413
4.3971      0.193491319
7.0803      0.072220502
5.9672      0.094333776
8.5585      0.043164232
5.5319      0.096484927
3.9039      0.158374562
5.6774      0.15370456
5.1843      0.110761517
5.9524      0.113228527
3.491      0.168162689
8.8836      0.036588154
12.142      0.015623615
6.7188      0.124196782
0.7196      0.061608575
9.2876      0.036568061
2.9971      0.190450997
7.4101      0.075374308
7.9652      0.0538196
5.263      0.124817344
7.5178      0.074527653
8.1481      0.047883109
5.2515      0.114308427
7.5805      0.059654954
4.1672      0.100111222
7.3926      0.055088801
6.6028      0.082434374
4.1858      0.148612042
7.7589      0.052790671
6.4491      0.075302269
7.8719      0.054460423
5.4875      0.127867673
8.3444      0.044830198
4.2327      0.134130085
7.5545      0.060560562
7.2857      0.066819199
2.3471      0.075675439
5.6089      0.163063747
4.697      0.219743256
7.067      0.086982115
8.1923      0.044714893
7.9729      0.054957168
3.9037      0.101282347
2.2854      0.103730528
4.4442      0.160771125
6.6191      0.079256227
5.7289      0.17222466
3.1707      0.136041924
5.1743      0.09624922
8.2525      0.050924668
2.3539      0.098798591
5.9306      0.082036626
7.7128      0.058198653
4.1222      0.13873058
4.8282      0.11149263
4.1293      0.16748984
4.8265      0.133176895
6.0773      0.08841143
5.7251      0.123509026
6.7508      0.100495905
3.3036      0.115061057
5.8832      0.116337503
8.8297      0.039471412
6.5049      0.082993993
6.5098      0.098038972
7.4173      0.071434708
4.686      0.234420843
8.1396      0.045068017
5.5629      0.191210309
2.1334      0.086485873
0.8571      0.044965792
6.5441      0.085841606
5.3091      0.160226149
2.3667      0.116768992
5.4917      0.174228113
9.3654      0.028781978
5.232      0.156974908
3.5077      0.129368801
7.7892      0.04541451
7.5712      0.068749411
9.3706      0.03096153
8.5131      0.041825766
2.8748      0.090685589
9.2099      0.037664938
8.4662      0.045420874
5.8608      0.184116258
5.8765      0.15905536
7.2666      0.06517138
4.7442      0.102811699
7.1606      0.076605135
8.0765      0.055383476
7.0983      0.066884539
6.6838      0.095458301
2.5316      0.084071306
3.8513      0.154617742
7.5505      0.09328786
8.4956      0.050625513
5.4251      0.109014115
1.4748      0.0574425
6.8769      0.087767187
9.7764      0.02602579
6.4043      0.104849782
4.1863      0.191545911
6.647      0.119833833
5.0945      0.142401528
9.7932      0.028537186
6.4606      0.069940223
5.9734      0.108792021
4.7997      0.125920794
5.446      0.104825819
5.3421      0.164518668
3.027      0.106911111
3.6314      0.128984313
5.6237      0.092130856
6.6818      0.073777377
7.5226      0.052435292
3.2816      0.118509991
12.0126      0.016564799
3.0679      0.072048933
6.8782      0.076964355
3.3764      0.147160238
4.7739      0.159533664
5.3287      0.151110358
7.1843      0.075463702
4.9988      0.116224391
7.9973      0.057678941
5.6254      0.097858167
5.764      0.108511767
6.1374      0.083728037
4.8351      0.110137407
5.4804      0.106814433
8.0128      0.051341286
5.3901      0.112839373
9.3578      0.032729783
6.2083      0.121735513
6.431      0.096749504
5.0991      0.127262656
4.1197      0.150955743
8.3658      0.044924127
6.6839      0.095073017
5.884      0.117395447
6.8099      0.094007476
6.938      0.074067078
3.0195      0.122413652
4.4946      0.138882585
4.9406      0.113314509
7.2206      0.100561168
4.7842      0.103630035
6.9997      0.070567374
4.6419      0.150493043
5.723      0.152724268
5.6074      0.154953267
9.8986      0.027387765
5.0563      0.16082187
7.5667      0.050527856
4.9212      0.122002683