0.769497663     4.29501019
0.78365679     4.608062165
0.792194103     4.808658037
1.795982942     0.593834063
1.472184638     1.521153547
0.592855602     1.943950457
0.335771008     0.83125493
1.025006557     9.846074376
0.035426299     0.412200124
1.044907438     9.520029168
0.604311824     2.034907489
0.541149691     1.59652847
1.74451691     0.673054595
0.712615022     3.262905541
0.670316129     2.690134417
0.607026098     2.057311687
0.797021246     4.92608565
1.009046062     9.979583957
0.501280854     1.385421551
1.727343377     0.702952627
0.950636038     9.425781232
1.459725698     1.591420858
1.778672984     0.618877353
0.6319616     2.279822393
0.514627689     1.451451065
0.554506758     1.677400431
0.88746481     7.59529691
0.325461886     0.808078086
1.565054279     1.113318146
0.459265609     1.203392309
0.688171783     2.914669334
0.826626436     5.709522937
0.196456884     0.583361192
0.711621967     3.247757892
0.955207386     9.522363424
1.058366822     9.215170235
0.629449121     2.255961964
0.931105776     8.939263806
0.803773107     5.095217285
0.951827476     9.45166361
1.331159526     2.672606416
0.651054168     2.472750389
1.0091228     9.979236831
1.047903654     9.45743632
0.594610927     1.957518899
1.25355348     3.835482089
1.60701268     0.979277524
0.922329721     8.689480331
1.196185397     5.096274356
0.429699074     1.095160865
1.266030611     3.611011513
0.906531798     8.207433899
0.246199422     0.657661839
1.318640332     2.826222745
0.849763981     6.39275201
1.203559694     4.911799491
0.458716502     1.20124512
0.957473165     9.567425207
1.089772811     8.32307556
0.74792388     3.863152823
1.034278855     9.714623252
0.792069048     4.805654479
1.294315896     3.159012529
1.696768439     0.761199735
0.869064027     6.999831948
1.795168944     0.594978103
0.735818506     3.643257283
1.671981297     0.813737743
1.065227255     9.038609479
0.554222541     1.675620464
0.455267243     1.187882024
1.160431455     6.084737414
1.672359874     0.812896109
1.485005103     1.453330207
1.146918069     6.495096632
0.148328698     0.522640795
1.361649199     2.342055535
0.353292424     0.872922765
1.077748155     8.687196207
0.922291067     8.688346735
1.054671432     9.304713327
1.663767423     0.832315149
1.154803956     6.253491716
1.487398211     1.441145339
0.80406244     5.102592247
0.941441047     9.210403404
0.514197953     1.449256307
1.238572397     4.127251901
0.919231186     8.597786687
1.487829084     1.438966858
1.306180254     2.990735868
0.866212193     6.90856103
0.985520844     9.947861775
0.156852937     0.53269625
0.161882442     0.53876332
0.636958137     2.328296917
1.32702701     2.722076063
1.136565177     6.820113821
1.792740593     0.59841034
0.779237783     4.507755548
1.837962943     0.538951439
0.808720759     5.222767482
0.538579232     1.58159576
1.685043915     0.785414591
0.742217369     3.757566158
0.258943717     0.678927631
0.735554184     3.638626545
1.078870812     8.654148948
1.438708412     1.720688612
1.354432359     2.415133753
1.6254038     0.927794588
1.501747763     1.371033004
1.03554419     9.693823154
1.199826218     5.004346438
1.63866878     0.893060851
0.661662287     2.589459212
1.105680442     7.817331505
0.097994987     0.468596401
1.242996521     4.038474171
0.632713639     2.287030688
1.139744429     6.719469892
0.497556473     1.36775752
1.170370527     5.794908079
0.260203367     0.681084014
0.768604084     4.276059404
1.728005034     0.701765061
0.8610906     6.745837911
1.076702804     8.717764947
1.219034746     4.546683186
0.313290573     0.781906928
0.764765448     4.195717885
1.083831537     8.505620598
0.734057496     3.61254007
0.602058551     2.016562056
0.20170012     0.590595332
1.026117277     9.832331184
0.833879656     5.917512653
1.697375526     0.759975691
0.479615553     1.2870014
1.076818765     8.714383807
0.43123612     1.10043581
0.854678663     6.544685618
1.72003786     0.716262445
1.132797595     6.94020306
0.960466539     9.623968793
0.708091423     3.194617266
1.431613216     1.767643538
0.800712658     5.017848192
1.589944875     1.030834965
1.406239451     1.950929332
0.263952759     0.687562208
1.614431883     0.958022935
0.92944538     8.893245709
0.561291588     1.720688612
1.526871418     1.259471655
0.632011622     2.280300899
1.039456722     9.62537258
0.624143356     2.206674766
0.547350171     1.633373961
0.58362082     1.874663543
1.78086714     0.615618086
0.91624577     8.507964436
0.054393811     0.428187101
1.738430117     0.683434694
1.752611413     0.659604568
1.066963821     8.99196613
0.804929303     5.124750729
1.936393008     0.43628501
0.639393309     2.35242661
0.372500952     0.922179454
1.470395207     1.530973601
0.53640895     1.569140273
1.078406401     8.667846529
1.186308853     5.35396475
1.042450097     9.56891769
0.861249762     6.750869298
1.810293841     0.574237323
0.753295015     3.965761612
0.83815826     6.042957986
0.960351715     9.621863992
1.149235575     6.423509341
1.02990987     9.781242434
0.695295401     3.011030323
1.060485377     9.162022874
1.646972467     0.872270445
1.075464186     8.75372297
0.365717258     0.904333709
0.875781214     7.216268917
1.422797939     1.828503745
0.048845893     0.423417469
1.05067136     9.396821168
0.726492206     3.48412288
1.437921699     1.725808585
1.046021569     9.497130543
0.6246504     2.211321363
1.693651145     0.767530525
1.779702987     0.61734421
0.191406914     0.576516096
1.225536496     4.402052143
1.062759113     9.103590752
1.296867029     3.12182859
0.648364906     2.444281991
1.329399086     2.693534533
0.181636667     0.563603703
0.617052708     2.143064234
0.759840534     4.095147932
0.350368398     0.865761104
0.897407861     7.916849804
0.868074383     6.968110808
0.757519618     4.048716765
0.974534148     9.840459189
0.764210088     4.184236861
0.549593213     1.6469969
1.533379989     1.232687624
1.769168764     0.63329158
1.347629907     2.486842238
1.034509071     9.710888406
1.420886863     1.84208071
1.740255928     0.680296591
0.29937303     0.753468567
0.803112019     5.078405692
1.576799266     1.073256769
0.844794729     6.241352202
1.610464213     0.969305593
1.81214921     0.571766453
1.074342665     8.786027576
0.533342816     1.551777416
0.091296559     0.462031444
1.204349817     4.892436858
1.268236136     3.573003735
1.330778676     2.677115762
1.407251264     1.94312859
1.023551365     9.863229848
0.361417622     0.893280946
0.992101039     9.984425897
0.432403683     1.104467192
1.120631967     7.332443834
0.486079787     1.315296301
1.634454409     0.903888625
0.133603978     0.505917933
0.303736331     0.762219672
0.581398242     1.858499154
1.199287342     5.017848192
1.354334588     2.416144675
1.492094614     1.417649909
1.051632583     9.375163268
1.383306542     2.139908214
0.271885827     0.701569456
1.026117277     9.832331184
1.173007493     5.719875452
0.210203896     0.602611218
1.087829903     8.383267592
1.106775815     7.781938463
1.391933099     2.065992404
0.337705958     0.83571268
0.066026248     0.438448914
0.83120972     5.840255126
0.489054971     1.328617527
0.488280764     1.325132633
0.805053221     5.127925943
1.614757028     0.957106773
0.660313961     2.574224463
1.145919898     6.526071523
1.017005277     9.928224042
0.834324171     5.930452371
0.895180167     7.845106624
0.334009999     0.827227906
0.229455625     0.631175028
1.151276822     6.360850049
0.347689936     0.859275543
0.22920324     0.630787828
1.794761945     0.595551336
1.060986167     9.149274692
1.278853918     3.396753334
1.1234298     7.241796175
0.876530978     7.240526755
0.788518608     4.721191279
1.378856839     2.179450453
0.841379577     6.138694101
0.873926981     7.156351194
1.144044634     6.584486071
0.777085122     4.459754144
1.132757805     6.941475663
1.205972697     4.852911179
0.560560582     1.715950171
0.938705741     9.141397406
1.424001882     1.820021728
1.383203087     2.140816419
1.905924935     0.464738011
1.843306225     0.532505898
0.470589955     1.24892672
0.541731768     1.599937459
1.012183818     9.963025861
1.82218321     0.558670742
1.174876504     5.667183995
0.500525973     1.381815225
1.037269956     9.664391999
0.178555754     0.559620069
1.345878561     2.505763586
1.503268893     1.363886302