0.004759462     66.7262
0.003654976     83.2356
0.002661292     120.5282
0.004181611     62.1078
0.004088209     78.1898
0.011863649     33.7603
0.003047115     89.6347
0.004072479     80.2148
0.006865067     66.2379
0.003479329     92.3801
0.003760442     76.1912
0.002668901     95.6165
0.00708874     44.843
0.004312905     73.2581
0.002861097     102.24
0.002789553     100.3277
0.005371198     61.7509
0.003600968     86.5395
0.003958761     83.7593
0.006524319     53.8005
0.003423779     98.706
0.002923312     103.9169
0.003353903     87.9712
0.004045599     75.0755
0.004003031     70.5091
0.00439601     70.0743
0.004967145     68.5714
0.00318363     100.5507
0.005700679     54.6911
0.004796764     52.0813
0.006682745     37.5364
0.004494996     63.1863
0.004551052     73.4503
0.002455486     128.3506
0.004107817     70.4143
0.004226068     65.1195
0.004805648     65.425
0.007087901     55.3687
0.004266368     87.5124
0.004398292     71.7921
0.002775917     104.0963
0.003269111     77.8413
0.003884948     78.9202
0.004920616     65.1522
0.005578987     66.9768
0.005921168     63.0572
0.005016227     65.1751
0.003765785     91.5011
0.003591853     81.2684
0.008465938     45.8668
0.002921806     103.6949
0.004556463     78.7091
0.003795893     86.3109
0.003569696     98.3401
0.003274166     97.5217
0.003925604     75.4233
0.003711538     89.9981
0.00342689     96.1473
0.003682106     95.6633
0.0019921     141.9777
0.004210776     68.4284
0.006832739     68.7166
0.008166899     38.0286
0.002512045     122.2252
0.005960598     47.8042
0.0098906     55.5395
0.003343917     99.1926
0.00476839     70.9034
0.00478319     64.7722
0.004687633     73.9559
0.002873958     107.3094
0.010670514     41.8369
0.006485934     47.8383
0.002726963     114.4644
0.003056511     104.893
0.003358743     93.3435
0.002510365     120.1353
0.004374241     91.2119
0.003152102     95.2894
0.002693084     110.2171
0.004086031     73.9683
0.003586539     90.8767
0.006680036     51.6887
0.00696389     46.654
0.00487607     70.2736
0.004779082     65.0107
0.003677582     85.039
0.010361127     52.6767
0.004467341     75.3348
0.003344186     86.8835
0.003995871     77.7363
0.003486867     84.0759
0.003797294     101.1085
0.004277229     77.9151
0.006366633     65.6976
0.003276536     91.5676
0.005561983     54.0744
0.006021865     54.9019
0.005532421     65.4601
0.002612229     117.8226
0.002376341     130.9617
0.003059717     105.148
0.005504347     64.4985
0.003989138     89.0675
0.004403492     70.2818
0.011227465     50.7083
0.010775444     39.3094
0.003996593     78.3915
0.002871514     101.6163
0.003265278     93.7258
0.003964749     70.0016
0.003741353     78.0037
0.004522572     72.4643
0.003327954     111.271
0.00790562     35.3589
0.004695726     70.5299
0.003873741     88.2829
0.006572349     57.962
0.003831692     97.3635
0.005046279     68.3753
0.003865776     95.0517
0.004085824     82.3929
0.003090806     110.5537
0.005259227     52.9845
0.005559021     52.2962
0.003477602     98.4037
0.00396935     71.7701
0.005943035     55.0115
0.002764968     114.0839
0.002899484     92.7556
0.00481578     70.8506
0.002101596     138.8358
0.002967028     103.7386
0.002770494     122.9845
0.006609691     60.4445
0.004304706     74.8073
0.005266795     62.4875
0.006445558     51.7282
0.004754162     61.9191
0.003223915     109.9686
0.008750981     45.7294
0.002588558     121.0427
0.004083671     84.383
0.006491694     40.4202
0.003446201     85.8265
0.005482949     63.6512
0.007420974     48.8051
0.003890739     79.5895
0.007834093     50.8945
0.003333083     94.2668
0.002592273     108.9745
0.005459761     59.3788
0.003995999     83.5663
0.003872476     83.8639
0.004685594     62.0337
0.002815777     109.0508
0.006055776     64.8075
0.004791695     62.2732
0.013498756     30.0799
0.00336474     89.9481
0.003030225     89.3134
0.004511072     67.5557
0.004044426     83.2355
0.003854227     81.1324
0.005486571     66.8027
0.002681861     122.361
0.005085922     75.5166
0.008539549     38.2226
0.003502805     95.997
0.003832616     74.0557
0.003264017     100.7061
0.00313873     109.5869
0.002875097     100.5485
0.004191786     64.9502
0.007096693     42.1151
0.005531093     64.8026
0.0071812     43.5526
0.005604351     73.4031
0.002450331     117.1316
0.009355062     40.9371
0.003328962     79.0975
0.004170712     80.7353
0.002716046     96.8851
0.003941289     87.5808
0.007361651     60.5834
0.004808437     66.248
0.004017597     87.5756
0.004143563     92.2757
0.002511168     111.7142
0.003781263     89.1824
0.007382155     46.6842
0.002280377     138.6954
0.004634629     67.8368
0.005878805     55.9597
0.00278277     102.2492
0.003760793     68.9497
0.008279352     43.9104
0.0035464     88.0729
0.00295483     97.3684
0.002900501     97.4341
0.002831765     102.7494
0.003731537     73.8612
0.002929315     112.596
0.002778555     114.2016
0.002893664     111.4726
0.005671748     57.4347
0.002833483     120.4268
0.015961488     24.4732
0.002648673     118.399
0.006469264     46.9065
0.006118622     64.3683
0.004976286     57.8799
0.005185958     63.5493
0.002754155     106.829
0.003873429     85.2767
0.004189931     56.8725
0.002657386     114.0773
0.002905176     110.9104
0.003393476     86.0999
0.004140188     69.8732
0.004362714     65.5407
0.002826537     100.8825
0.003509489     101.2236
0.003529066     79.8395
0.004385563     65.1934
0.004264827     89.5105
0.005585126     50.9866
0.004797666     58.3052
0.00405106     67.4847
0.004971882     67.028
0.004061392     81.1802
0.008901113     60.9216
0.002478141     111.9879
0.003051342     104.0163
0.004177486     89.4289
0.004088867     79.3205
0.003354428     93.3777
0.003333048     103.2029
0.003445468     87.8092
0.003781383     102.7027
0.006444345     47.039
0.003877311     70.8473
0.002461196     121.9507
0.003522331     93.9824
0.005499156     63.5165
0.003852004     79.4269
0.006041413     56.5442
0.002935601     108.7436
0.004130052     75.2864
0.005297553     67.3141
0.008533086     45.9082
0.007075158     55.2491
0.00735656     53.9551
0.00402623     73.3664
0.005826898     56.5962
0.002842801     99.2849
0.00516891     60.2936
0.007962373     47.4908
0.002932783     98.7395
0.006419243     52.3726
0.005523864     62.8389
0.002112562     139.4087
0.006931784     53.6768
0.004753925     76.5538
0.003379897     88.9627
0.006802888     50.6808
0.002081081     134.1256
0.004185344     85.8041
0.005431792     65.0974
0.003538148     79.4915
0.004080803     71.3304
0.009737013     53.8337
0.00354175     93.7589
0.002929651     79.647
0.002972287     113.494
0.003684473     89.1681
0.004045307     90.2513
0.003552079     96.856
0.002917194     105.2741
0.00417611     82.8744
0.003485488     70.8797
0.00389662     73.7303
0.005784255     61.5936
0.004175752     82.9626
0.002253077     134.2029
0.005546625     68.3422
0.003020374     90.781
0.002302061     130.4866
0.002658534     117.3197
0.003281746     107.171
0.004409091     80.0883
0.003519983     97.3779
0.004947272     78.8769
0.007283815     48.1967
0.002725899     121.2819
0.003877022     70.137