0.769497663     7.202705364
0.78365679     7.343587044
0.792194103     7.426098633
1.795982942     11.65921103
1.472184638     10.92442426
0.592855602     4.879491769
0.335771008     -2.869321225
1.025006557     9.146378909
0.035426299     -154.365702
1.044907438     9.25786459
0.604311824     5.071350979
0.541149691     3.912494824
1.74451691     11.56065243
0.712615022     6.580306596
0.670316129     6.048999509
0.607026098     5.115746226
0.797021246     7.471969812
1.009046062     9.053789786
0.501280854     3.030661949
1.727343377     11.52645787
0.950636038     8.688436205
1.459725698     10.88963871
1.778672984     11.62669864
0.6319616     5.505752248
0.514627689     3.341085938
0.554506758     4.179572812
0.88746481     8.239168548
0.325461886     -3.435338386
1.565054279     11.16626715
0.459265609     1.935664499
0.688171783     6.281246706
0.826626436     7.741582245
0.196456884     -15.54105246
0.711621967     6.568557074
0.955207386     8.718641535
1.058366822     9.330888048
0.629449121     5.467855463
0.931105776     8.556048996
0.803773107     7.535206829
0.951827476     8.696336625
1.331159526     10.49265142
0.651054168     5.784176963
1.0091228     9.054241961
1.047903654     9.274282777
0.594610927     4.90936808
1.25355348     10.21360668
1.60701268     11.26636425
0.922329721     8.49473419
1.196185397     9.984055135
0.429699074     1.036739749
1.266030611     10.2607781
0.906531798     8.381368405
0.246199422     -9.370487758
1.318640332     10.44985857
0.849763981     7.939215907
1.203559694     10.01478819
0.458716502     1.920025825
0.957473165     8.733505837
1.089772811     9.494265282
0.74792388     6.977793248
1.034278855     9.198856555
0.792069048     7.424902835
1.294315896     10.36434651
1.696768439     11.46386633
0.869064027     8.096020761
1.795168944     11.65769619
0.735818506     6.845815305
1.671981297     11.41144311
1.065227255     9.367399096
0.554222541     4.174023869
0.455267243     1.820927505
1.160431455     9.82950934
1.672359874     11.41225546
1.485005103     10.95960984
1.146918069     9.768588828
0.148328698     -25.45070226
1.361649199     10.59357872
0.353292424     -1.983098398
1.077748155     9.432836677
0.922291067     8.494461548
1.054671432     9.31102444
1.663767423     11.39372672
1.154803956     9.804312915
1.487398211     10.96611052
0.80406244     7.537892953
0.941441047     8.626791588
0.514197953     3.331342113
1.238572397     10.15571313
0.919231186     8.472806307
1.487829084     10.96727873
1.306180254     10.4064533
0.866212193     8.073290761
0.985520844     8.911848708
0.156852937     -23.25239179
0.161882442     -22.0639331
0.636958137     5.580228666
1.32702701     10.47861501
1.136565177     9.720936272
1.792740593     11.65316888
0.779237783     7.300168022
1.837962943     11.73551634
0.808720759     7.580875496
0.538579232     3.859577861
1.685043915     11.43926194
0.742217369     6.916114806
0.258943717     -8.171058443
0.735554184     6.842885092
1.078870812     9.438629785
1.438708412     10.82959274
1.354432359     10.57009993
1.6254038     11.30860959
1.501747763     11.00465528
1.03554419     9.205944992
1.199826218     9.999275803
1.63866878     11.3384913
0.661662287     5.931929902
1.105680442     9.573477316
0.097994987     -46.22762178
1.242996521     10.17295511
0.632713639     5.517037045
1.139744429     9.735661919
0.497556473     2.941067345
1.170370527     9.873418408
0.260203367     -8.058886859
0.768604084     7.193640231
1.728005034     11.52778789
0.8610906     8.032092093
1.076702804     9.42743162
1.219034746     10.07807302
0.313290573     -4.151549766
0.764765448     7.154457271
1.083831537     9.46408432
0.734057496     6.826253348
0.602058551     5.034191874
0.20170012     -14.74713153
1.026117277     9.152715158
0.833879656     7.804717135
1.697375526     11.46513108
0.479615553     2.489980334
1.076818765     9.428031722
0.43123612     1.086508709
0.854678663     7.979817726
1.72003786     11.51170469
1.132797595     9.703378585
0.960466539     8.753035888
0.708091423     6.526517897
1.431613216     10.80892385
0.800712658     7.506675222
1.589944875     11.22628426
1.406239451     10.73330133
0.263952759     -7.731340346
1.614431883     11.28352236
0.92944538     8.544537281
0.561291588     4.310368927
1.526871418     11.07039602
0.632011622     5.506503692
1.039456722     9.227753909
0.624143356     5.386823889
0.547350171     4.038096053
0.58362082     4.71935237
1.78086714     11.63085479
0.91624577     8.451538663
0.054393811     -95.30666706
1.738430117     11.54861018
1.752611413     11.57653719
1.066963821     9.376566588
0.804929303     7.545929217
1.936393008     11.90145545
0.639393309     5.616104492
0.372500952     -1.107341385
1.470395207     10.91946439
0.53640895     3.814504307
1.078406401     9.436234805
1.186308853     9.942295183
1.042450097     9.244328801
0.861249762     8.033379787
1.810293841     11.68562094
0.753295015     7.03499309
0.83815826     7.84144739
0.960351715     8.752288973
1.149235575     9.779138298
1.02990987     9.1742475
0.695295401     6.370574304
1.060485377     9.342213358
1.646972467     11.35695185
1.075464186     9.421013663
0.365717258     -1.406116662
0.875781214     8.148973849
1.422797939     10.78295706
0.048845893     -107.8353016
1.05067136     9.289365611
0.726492206     6.741136449
1.437921699     10.82731104
1.046021569     9.263980612
0.6246504     5.394627139
1.693651145     11.45735781
1.779702987     11.62865094
0.191406914     -16.34683003
1.225536496     10.10418497
1.062759113     9.354317995
1.296867029     10.37346554
0.648364906     5.745951941
1.329399086     10.48668262
0.181636667     -18.03297786
0.617052708     5.276357397
0.759840534     7.103606307
0.350368398     -2.124832132
0.897407861     8.314076842
0.868074383     8.088149913
0.757519618     7.079413051
0.974534148     8.843212152
0.764210088     7.148755827
0.549593213     4.082834616
1.533379989     11.08707558
1.769168764     11.60857679
1.347629907     10.54773906
1.034509071     9.200147521
1.420886863     10.77728519
1.740255928     11.55223125
0.29937303     -5.041885537
0.803112019     7.529062126
1.576799266     11.19482319
0.844794729     7.897682959
1.610464213     11.27436614
1.81214921     11.68901437
1.074342665     9.415189683
0.533342816     3.750200021
0.091296559     -50.71989203
1.204349817     10.01805878
1.268236136     10.26901984
1.330778676     10.49136148
1.407251264     10.73636908
1.023551365     9.138056765
0.361417622     -1.601293448
0.992101039     8.952228892
0.432403683     1.124077486
1.120631967     9.64587824
0.486079787     2.656347455
1.634454409     11.32905025
0.133603978     -29.90884246
0.303736331     -4.753975365
0.581398242     4.680051355
1.199287342     9.997028827
1.354334588     10.56978013
1.492094614     10.97880728
1.051632583     9.294585298
1.383306542     10.6625666
0.271885827     -7.06808669
1.026117277     9.152715158
1.173007493     9.88494316
0.210203896     -13.54371453
1.087829903     9.484431818
1.106775815     9.57884793
1.391933099     10.689448
0.337705958     -2.766935578
0.066026248     -75.87295101
0.83120972     7.781605104
0.489054971     2.731440521
0.488280764     2.711987769
0.805053221     7.547076586
1.614757028     11.2842707
0.660313961     5.913413385
1.145919898     9.764031927
1.017005277     9.100325597
0.834324171     7.808550671
0.895180167     8.297438637
0.334009999     -2.96353408
0.229455625     -11.14884686
1.151276822     9.788395036
0.347689936     -2.256754881
0.22920324     -11.17764042
1.794761945     11.65693825
1.060986167     9.344883857
1.278853918     10.30829916
1.1234298     9.659212351
0.876530978     8.154834055
0.788518608     7.390794663
1.378856839     10.64856929
0.841379577     7.868854719
0.873926981     8.134437853
1.144044634     9.755449375
0.777085122     7.278838148
1.132757805     9.703192533
1.205972697     10.02476299
0.560560582     4.296428981
0.938705741     8.608220619
1.424001882     10.78652242
1.383203087     10.66224219
1.905924935     11.85192219
1.843306225     11.74497926
0.470589955     2.250046593
0.541731768     3.924408066
1.012183818     9.072222957
1.82218321     11.70724658
1.174876504     9.893080269
0.500525973     3.012610087
1.037269956     9.215584896
0.178555754     -18.60294959
1.345878561     10.54194548
1.503268893     11.00869809