0.769497663     6.440099623
0.78365679     6.494831753
0.792194103     6.527610983
1.795982942     9.633231395
1.472184638     8.752669987
0.592855602     5.713386045
0.335771008     4.448432353
1.025006557     7.365482187
0.035426299     2.184333983
1.044907438     7.432723047
0.604311824     5.763296904
0.541149691     5.482470661
1.74451691     9.498728625
0.712615022     6.215364116
0.670316129     6.042830996
0.607026098     5.775058866
0.797021246     6.54607228
1.009046062     7.311108199
0.501280854     5.297550632
1.727343377     9.453421013
0.950636038     7.108572423
1.459725698     8.717011237
1.778672984     9.588203648
0.6319616     5.882013261
0.514627689     5.360166457
0.554506758     5.5430441
0.88746481     6.882822132
0.325461886     4.390113245
1.565054279     9.01402873
0.459265609     5.095417593
0.688171783     6.116256138
0.826626436     6.658177063
0.196456884     3.580899915
0.711621967     6.211368476
0.955207386     7.124631169
1.058366822     7.477856718
0.629449121     5.871324897
0.931105776     7.039551747
0.803773107     6.571807617
0.951827476     7.112761334
1.331159526     8.340142463
0.651054168     5.962609194
1.0091228     7.311370597
1.047903654     7.442794012
0.594610927     5.721061645
1.25355348     8.104176331
1.60701268     9.129656839
0.922329721     7.008315493
1.196185397     7.925229956
0.429699074     4.948227329
1.266030611     8.142575179
0.906531798     6.95173287
0.246199422     3.912795816
1.318640332     8.302530735
0.849763981     6.74449398
1.203559694     7.948458008
0.458716502     5.092722759
0.957473165     7.132577252
1.089772811     7.582126387
0.74792388     6.355800028
1.034278855     7.396887369
0.792069048     6.52713202
1.294315896     8.228960736
1.696768439     9.372215424
0.869064027     6.815658541
1.795168944     9.631118689
0.735818506     6.308004859
1.671981297     9.305861854
1.065227255     7.500757478
0.554222541     5.541762089
0.455267243     5.075762224
1.160431455     7.811630608
1.672359874     9.306878838
1.485005103     8.789212431
1.146918069     7.768262576
0.148328698     3.227450217
1.361649199     8.431041451
0.353292424     4.545835589
1.077748155     7.542374145
0.922291067     7.008177605
1.054671432     7.465492053
1.663767423     9.283769232
1.154803956     7.793599797
1.487398211     8.796016743
0.80406244     6.572908184
0.941441047     7.076160848
0.514197953     5.358161779
1.238572397     8.057829723
0.919231186     6.997253697
1.487829084     8.797241283
1.306180254     8.26492666
0.866212193     6.805189906
0.985520844     7.2302173
0.156852937     3.292817464
0.161882442     3.330784007
0.636958137     5.903211571
1.32702701     8.327745823
1.136565177     7.734872905
1.792740593     9.624813227
0.779237783     6.477799715
1.837962943     9.741568003
0.808720759     6.590602245
0.538579232     5.470736843
1.685043915     9.340888381
0.742217369     6.333314176
0.258943717     3.993392774
0.735554184     6.306957206
1.078870812     7.546094394
1.438708412     8.656524741
1.354432359     8.409614614
1.6254038     9.179879629
1.501747763     8.836706861
1.03554419     7.401162713
1.199826218     7.936706552
1.63866878     9.215933973
0.661662287     6.006922203
1.105680442     7.634397298
0.097994987     2.810649276
1.242996521     8.071544217
0.632713639     5.885208743
1.139744429     7.745141797
0.497556473     5.279945421
1.170370527     7.843374679
0.260203367     4.001270842
0.768604084     6.436629879
1.728005034     9.455170633
0.8610906     6.786348797
1.076702804     7.538908422
1.219034746     7.996983012
0.313290573     4.320246365
0.764765448     6.421703232
1.083831537     7.562511279
0.734057496     6.301021727
0.602058551     5.753514365
0.20170012     3.617320279
1.026117277     7.369251241
0.833879656     6.685355847
1.697375526     9.373834664
0.479615553     5.194302422
1.076818765     7.539292954
0.43123612     4.955986885
0.854678663     6.762686829
1.72003786     9.43408146
1.132797595     7.722686045
0.960466539     7.143061455
0.708091423     6.197142176
1.431613216     8.636009541
0.800712658     6.560154945
1.589944875     9.082799334
1.406239451     8.562241094
0.263952759     4.024628921
1.614431883     9.1499505
0.92944538     7.033652607
0.561291588     5.573560747
1.526871418     8.907500822
0.632011622     5.882225863
1.039456722     7.414366871
0.624143356     5.848689409
0.547350171     5.510672241
0.58362082     5.672833595
1.78086714     9.59392292
0.91624577     6.98657917
0.054393811     2.391587454
1.738430117     9.482695073
1.752611413     9.520008963
1.066963821     7.506543216
0.804929303     6.576204464
1.936393008     9.990978451
0.639393309     5.91351549
0.372500952     4.650273927
1.470395207     8.747557393
0.53640895     5.460810151
1.078406401     7.544555656
1.186308853     7.894013089
1.042450097     7.424453168
0.861249762     6.786935104
1.810293841     9.670299481
0.753295015     6.376891935
0.83815826     6.701336658
0.960351715     7.142659571
1.149235575     7.77571725
1.02990987     7.382106305
0.695295401     6.145304716
1.060485377     7.484936129
1.646972467     9.238431866
1.075464186     7.534799885
0.365717258     4.613660466
0.875781214     6.84025297
1.422797939     8.610452773
0.048845893     2.332872618
1.05067136     7.452084809
0.726492206     6.270933766
1.437921699     8.65425242
1.046021569     7.436469488
0.6246504     5.850856348
1.693651145     9.363896478
1.779702987     9.590888872
0.191406914     3.545468333
1.225536496     8.017282881
1.062759113     7.492526653
1.296867029     8.236707561
0.648364906     5.951322987
1.329399086     8.334863784
0.181636667     3.475893173
0.617052708     5.818301763
0.759840534     6.402501597
0.350368398     4.52972625
0.897407861     6.918843332
0.868074383     6.812027536
0.757519618     6.393432638
0.974534148     7.192128155
0.764210088     6.419540825
0.549593213     5.520838763
1.533379989     8.925749237
1.769168764     9.563390518
1.347629907     8.389367995
1.034509071     7.397665412
1.420886863     8.604902274
1.740255928     9.487507386
0.29937303     4.238944621
0.803112019     6.569292272
1.576799266     9.046544274
0.844794729     6.726049097
1.610464213     9.139103383
1.81214921     9.675094857
1.074342665     7.531077828
0.533342816     5.446755071
0.091296559     2.750423231
1.204349817     7.950942765
1.268236136     8.149343949
1.330778676     8.339000767
1.407251264     8.565194872
1.023551365     7.360541301
0.361417622     4.590302942
0.992101039     7.252934024
0.432403683     4.961873049
1.120631967     7.68320235
0.486079787     5.225321937
1.634454409     9.204494579
0.133603978     3.111301801
0.303736331     4.264600397
0.581398242     5.663030293
1.199287342     7.935008954
1.354334588     8.409323956
1.492094614     8.809354727
1.051632583     7.45530879
1.383306542     8.495017781
0.271885827     4.073609131
1.026117277     7.369251241
1.173007493     7.851775255
0.210203896     3.675621689
1.087829903     7.575717468
1.106775815     7.637983422
1.391933099     8.520367067
0.337705958     4.459293431
0.066026248     2.510241502
0.83120972     6.67536411
0.489054971     5.239537055
0.488280764     5.23584169
0.805053221     6.576675532
1.614757028     9.150838836
0.660313961     6.001308028
1.145919898     7.765049575
1.017005277     7.338273901
0.834324171     6.687017912
0.895180167     6.910789271
0.334009999     4.438524524
0.229455625     3.804310877
1.151276822     7.782277372
0.347689936     4.514919357
0.22920324     3.802651969
1.794761945     9.630062162
1.060986167     7.486608601
1.278853918     8.181851618
1.1234298     7.692300696
0.876530978     6.842992686
0.788518608     6.513519049
1.378856839     8.481912635
0.841379577     6.713343344
0.873926981     6.833472693
1.144044634     7.759009711
0.777085122     6.469486541
1.132757805     7.722557235
1.205972697     7.95604392
0.560560582     5.570280882
0.938705741     7.066490434
1.424001882     8.613947649
1.383203087     8.494713318
1.905924935     9.914446366
1.843306225     9.755270947
0.470589955     5.150679348
0.541731768     5.485124283
1.012183818     7.321829751
1.82218321     9.700987604
1.174876504     7.85772392
0.500525973     5.293987028
1.037269956     7.406989793
0.178555754     3.45366294
1.345878561     8.384147425
1.503268893     8.841009255