6.8335     2.312715166
7.8893     3.069623787
6.0553     2.307252149
6.9311     2.589148474
4.8225     1.848583814
9.2697     3.406998893
7.8757     2.842716996
10.6714     3.815710534
2.4014     2.557347286
6.4886     2.039212184
9.7149     3.579041764
8.8248     3.179346542
7.2836     2.682310589
4.9013     2.139483581
7.6022     2.655607231
7.1543     2.680277917
5.7529     2.342766451
3.868     1.576512234
1.6657     2.347241109
7.172     2.751658781
6.9539     2.636248744
6.9752     2.522686135
3.4951     2.073758842
6.5202     2.438181027
5.5437     1.972535072
2.1975     2.533973576
8.6374     3.16674828
8.835     3.250932579
8.3233     3.090042709
3.7567     1.51245718
10.5377     3.797598247
4.5981     2.042581309
5.7207     2.09521805
6.7373     2.52510643
2.5337     2.173721003
1.1768     3.01435306
4.8094     2.276037504
6.3101     2.155300487
7.2849     2.772486234
4.8834     1.766310093
8.5521     3.066451811
4.049     1.384730796
9.5861     3.441982886
8.2403     3.00224764
5.5325     1.943263051
6.6182     2.572222899
8.9541     3.277780457
3.3336     1.612574162
8.6359     3.151472938
6.1347     2.191753406
6.6221     2.136657203
6.2339     2.054144101
8.0428     2.99186154
4.6545     1.954263009
6.1386     1.866941739
6.4044     2.266653294
6.8897     2.370515519
3.4261     2.113158012
7.0022     2.508718446
6.5607     2.671624218
7.5289     2.765191438
4.9042     2.153082119
3.242     2.42322553
4.7136     1.918651443
7.5579     2.437083506
7.3255     2.355034923
4.7952     1.73930302
4.9405     1.932880481
3.546     2.17500896
6.932     2.490305387
5.6015     1.853418139
5.4816     1.818230865
8.4516     3.036200247
1.8334     2.437231167
6.4098     2.297999893
7.0652     2.3420642
4.0334     1.916548072
6.6433     2.445482812
5.0565     2.314707411
4.3934     1.685382846
5.5115     1.848716592
5.1639     2.092894693
6.6773     2.179784642
9.5866     3.442380453
5.2544     1.823934424
7.7579     2.558262021
4.3312     2.082615675
2.8019     1.940647478
4.1167     1.78998252
4.2101     2.004302527
9.0067     3.303867872
5.7441     2.191003649
8.4511     3.152497452
6.3173     2.16868163
7.9087     2.830704304
6.5596     2.587879224
4.1667     2.515451231
4.8934     2.069415979
4.0655     1.924844083
9.2492     3.43121435
5.7328     2.055274048
2.8425     2.390105429
10.1802     3.595323628
3.0519     2.081743529
4.4597     1.303704886
7.789     2.846130566
8.3407     3.084234932
8.1149     2.945500871
8.2029     2.923732842
5.9663     2.193020007
3.8729     2.022048081
5.11     2.331000811
6.4982     2.259286916
6.2225     1.993417028
4.0879     1.680274295
5.2775     1.580057092
7.9192     2.846972942
4.8812     1.987197907
4.3088     2.183440517
4.0492     1.510360339
7.7457     2.891562473
3.1116     2.500631264
5.3692     1.79998516
6.6622     2.384492474
6.3573     2.361319381
4.7185     2.150250523
3.5719     2.260040469
5.6806     2.156939064
4.4956     1.735220211
11.3485     3.968561332
7.4353     2.969727848
1.1128     2.885002581
6.1565     2.145127355
7.8514     2.943072961
6.6123     2.524232792
4.7281     2.351300637
7.6295     2.590693586
3.2736     1.95571374
4.3956     1.636470354
4.2191     2.389632147
3.0608     2.109524205
4.0342     1.72924908
8.7703     3.130535026
4.3971     1.64252263
7.0803     2.628031316
5.9672     2.360915977
8.5585     3.142743099
5.5319     2.338368478
3.9039     1.842792403
5.6774     1.872722963
5.1843     2.200375886
5.9524     2.178347138
3.491     1.782823381
8.8836     3.308030757
12.142     4.158971737
6.7188     2.085888017
0.7196     2.786954221
9.2876     3.308580064
2.9971     1.658360352
7.4101     2.585288802
7.9652     2.92211757
5.263     2.080903855
7.5178     2.596585046
8.1481     3.038992464
5.2515     2.168854986
7.5805     2.819178088
4.1672     2.301473486
7.3926     2.898808824
6.6028     2.495752771
4.1858     1.906416115
7.7589     2.941420793
6.4491     2.586245011
7.8719     2.910281028
5.4875     2.056759358
8.3444     3.104873305
4.2327     2.008945168
7.5545     2.804111392
7.2857     2.705764832
2.3471     2.581301617
5.6089     1.81361407
4.697     1.515295431
7.067     2.442052755
8.1923     3.107448645
7.9729     2.901201164
3.9037     2.289843148
2.2854     2.265958815
4.4442     1.827773511
6.6191     2.535069295
5.7289     1.758955489
3.1707     1.994792173
5.1743     2.340814407
8.2525     2.977407836
2.3539     2.314671935
5.9306     2.500589474
7.7128     2.843893073
4.1222     1.975221499
4.8282     2.193796785
4.1293     1.786832586
4.8265     2.016076997
6.0773     2.425754016
5.7251     2.091441038
6.7508     2.297638302
3.3036     2.162292365
5.8832     2.151259801
8.8297     3.232178619
6.5049     2.488987045
6.5098     2.322390204
7.4173     2.638971415
4.686     1.450637303
8.1396     3.099582433
5.5629     1.654381364
2.1334     2.447774193
0.8571     3.101853262
6.5441     2.45525147
5.3091     1.831169032
2.3667     2.147557719
5.4917     1.747389843
9.3654     3.548005837
5.232     1.851669305
3.5077     2.04508803
7.7892     3.091923628
7.5712     2.677287109
9.3706     3.47500982
8.5131     3.174242728
2.8748     2.400356823
9.2099     3.279025635
8.4662     3.091783496
5.8608     1.692187882
5.8765     1.838502962
7.2666     2.73073487
4.7442     2.274856132
7.1606     2.569091166
8.0765     2.893473988
7.0983     2.704787448
6.6838     2.34906577
2.5316     2.476089956
3.8513     1.866799392
7.5505     2.372065301
8.4956     2.983299615
5.4251     2.216277909
1.4748     2.856970837
6.8769     2.433067571
9.7764     3.648667326
6.4043     2.255226597
4.1863     1.652627753
6.647     2.121649222
5.0945     1.949104548
9.7932     3.556547256
6.4606     2.660114359
5.9734     2.218317285
4.7997     2.072102189
5.446     2.25545517
5.3421     1.80473123
3.027     2.235757532
3.6314     2.04806449
5.6237     2.384545363
6.6818     2.606703144
7.5226     2.948175402
3.2816     2.132758011
12.0126     4.100475387
3.0679     2.630409766
6.8782     2.564412887
3.3764     1.916233234
4.7739     1.835500317
5.3287     1.889744862
7.1843     2.584103502
4.9988     2.152232551
7.9973     2.852863147
5.6254     2.324236122
5.764     2.22089666
6.1374     2.480181382
4.8351     2.206026541
5.4804     2.236662225
8.0128     2.96926005
5.3901     2.181789953
9.3578     3.419469814
6.2083     2.105904516
6.431     2.335630076
5.0991     2.061502169
4.1197     1.890768578
8.3658     3.102780286
6.6839     2.353110088
5.884     2.142207153
6.8099     2.364380969
6.938     2.602784141
3.0195     2.100349377
4.4946     1.974126415
4.9406     2.177588063
7.2206     2.2969891
4.7842     2.266928079
6.9997     2.651187368
4.6419     1.893838421
5.723     1.879121153
5.6074     1.864631713
9.8986     3.597658884
5.0563     1.827457923
7.5667     2.985230491
4.9212     2.103712246