0.769497663     -1.457453928
0.78365679     -1.527807414
0.792194103     -1.570418051
1.795982942     0.521155354
1.472184638     -0.41946896
0.592855602     -0.664722221
0.335771008     0.184818757
1.025006557     -2.287072835
0.035426299     0.886246309
1.044907438     -2.253397913
0.604311824     -0.710450358
0.541149691     -0.467831566
1.74451691     0.395928831
0.712615022     -1.182618069
0.670316129     -0.989591161
0.607026098     -0.721400124
0.797021246     -1.594544687
1.009046062     -2.300541402
0.501280854     -0.326004462
1.727343377     0.352465777
0.950636038     -2.243448619
1.459725698     -0.464627238
1.778672984     0.479848162
0.6319616     -0.824097542
0.514627689     -0.37256379
0.554506758     -0.517245233
0.88746481     -2.027529228
0.325461886     0.213096584
1.565054279     -0.107344877
0.459265609     -0.185144493
0.688171783     -1.069756377
0.826626436     -1.742135471
0.196456884     0.538948744
0.711621967     -1.177964879
0.955207386     -2.253643077
1.058366822     -2.220851065
0.629449121     -0.813576474
0.931105776     -2.190453237
0.803773107     -1.628302312
0.951827476     -2.246190769
1.331159526     -0.983054182
0.651054168     -0.905331049
1.0091228     -2.300506618
1.047903654     -2.246801344
0.594610927     -0.671677803
1.25355348     -1.344295134
1.60701268     0.0209402
0.922329721     -2.162113137
1.196185397     -1.628509754
0.429699074     -0.090901261
1.266030611     -1.283987931
0.906531798     -2.105040317
0.246199422     0.419064403
1.318640332     -1.038941101
0.849763981     -1.85516485
1.203559694     -1.59164037
0.458716502     -0.183358619
0.957473165     -2.258364121
1.089772811     -2.119031845
0.74792388     -1.351483644
1.034278855     -2.273632302
0.792069048     -1.569793241
1.294315896     -1.150259488
1.696768439     0.272859492
0.869064027     -1.945886141
1.795168944     0.519230676
0.735818506     -1.292878139
1.671981297     0.206117148
1.065227255     -2.201505344
0.554222541     -0.516183523
0.455267243     -0.17217191
1.160431455     -1.805783573
1.672359874     0.207151965
1.485005103     -0.373857617
1.146918069     -1.871047528
0.148328698     0.648860868
1.361649199     -0.851028977
0.353292424     0.135908198
1.077748155     -2.161850241
0.922291067     -2.161982672
1.054671432     -2.230521081
1.663767423     0.183544125
1.154803956     -1.833139982
1.487398211     -0.365438172
0.80406244     -1.629748694
0.941441047     -2.22033365
0.514197953     -0.371050533
1.238572397     -1.417611786
0.919231186     -2.151504808
1.487829084     -0.363925397
1.306180254     -1.095519467
0.866212193     -1.932761372
0.985520844     -2.297357631
0.156852937     0.629803905
0.161882442     0.618478914
0.636958137     -0.845137063
1.32702701     -1.001394847
1.136565177     -1.919876161
1.792740593     0.513478573
0.779237783     -1.505799368
1.837962943     0.618129806
0.808720759     -1.65302743
0.538579232     -0.458434312
1.685043915     0.241543559
0.742217369     -1.32377145
0.258943717     0.387240739
0.735554184     -1.291606288
1.078870812     -2.158038853
1.438708412     -0.542724567
1.354432359     -0.88175467
1.6254038     0.07494492
1.501747763     -0.315564473
1.03554419     -2.271488894
1.199826218     -1.610306822
1.63866878     0.113100558
0.661662287     -0.951449055
1.105680442     -2.056343256
0.097994987     0.758013433
1.242996521     -1.39586694
0.632713639     -0.827254333
1.139744429     -1.905009266
0.497556473     -0.313172552
1.170370527     -1.756979615
0.260203367     0.384069612
0.768604084     -1.453031886
1.728005034     0.354156602
0.8610906     -1.908925709
1.076702804     -2.165362892
1.219034746     -1.514397997
0.313290573     0.246019563
0.764765448     -1.434064454
1.083831537     -2.140727192
0.734057496     -1.284411145
0.602058551     -0.701394109
0.20170012     0.526624214
1.026117277     -2.285676056
0.833879656     -1.777916201
1.697375526     0.274468831
0.479615553     -0.252315017
1.076818765     -2.164974972
0.43123612     -0.095706292
0.854678663     -1.878653364
1.72003786     0.333708635
1.132797595     -1.937331033
0.960466539     -2.264256736
0.708091423     -1.161467289
1.431613216     -0.569647325
0.800712658     -1.613001195
1.589944875     -0.03036912
1.406239451     -0.66830584
0.263952759     0.374602969
1.614431883     0.042883561
0.92944538     -2.18529208
0.561291588     -0.542724567
1.526871418     -0.230692312
0.632011622     -0.824307408
1.039456722     -2.264402589
0.624143356     -0.791486752
0.547350171     -0.49064779
0.58362082     -0.6284292
1.78086714     0.485128498
0.91624577     -2.141002717
0.054393811     0.848195027
1.738430117     0.380624174
1.752611413     0.416114764
1.066963821     -2.196331526
0.804929303     -1.634081886
1.936393008     0.829459555
0.639393309     -0.855447395
0.372500952     0.081015439
1.470395207     -0.425903874
0.53640895     -0.450527872
1.078406401     -2.159620378
1.186308853     -1.677837361
1.042450097     -2.258520105
0.861249762     -1.909671281
1.810293841     0.554712513
0.753295015     -1.37769792
0.83815826     -1.798893625
0.960351715     -2.264038008
1.149235575     -1.859964595
1.02990987     -2.280466514
0.695295401     -1.10228232
1.060485377     -2.215066992
1.646972467     0.13665576
1.075464186     -2.169479092
0.365717258     0.100556839
0.875781214     -1.976338049
1.422797939     -0.603498007
0.048845893     0.859396662
1.05067136     -2.240371458
0.726492206     -1.248216328
1.437921699     -0.545695685
1.046021569     -2.250989705
0.6246504     -0.793590239
1.693651145     0.264577028
1.779702987     0.482328533
0.191406914     0.550752019
1.225536496     -1.482070828
1.062759113     -2.208668924
1.296867029     -1.138418917
0.648364906     -0.893751416
1.329399086     -0.990854284
0.181636667     0.573403929
0.617052708     -0.76223669
0.759840534     -1.409802842
0.350368398     0.14414627
0.897407861     -2.068993375
0.868074383     -1.941344142
0.757519618     -1.398399983
0.974534148     -2.286502376
0.764210088     -1.431324336
0.549593213     -0.498953569
1.533379989     -0.209196846
1.769168764     0.456824331
1.347629907     -0.911013728
1.034509071     -2.273247772
1.420886863     -0.610895753
1.740255928     0.385226412
0.29937303     0.283067977
0.803112019     -1.624997372
1.576799266     -0.070697735
0.844794729     -1.831196858
1.610464213     0.031175348
1.81214921     0.559024669
1.074342665     -2.173162684
0.533342816     -0.439400994
0.091296559     0.772122331
1.204349817     -1.587690514
1.268236136     -1.273406624
1.330778676     -0.984740007
1.407251264     -0.664299349
1.023551365     -2.288813686
0.361417622     0.112854139
0.992101039     -2.301026469
0.432403683     -0.099363039
1.120631967     -1.992308862
0.486079787     -0.274061964
1.634454409     0.101049128
0.133603978     0.681380811
0.303736331     0.271520481
0.581398242     -0.619769256
1.199287342     -1.613001195
1.354334588     -0.88217316
1.492094614     -0.349000507
1.051632583     -2.238063987
1.383306542     -0.760762937
0.271885827     0.354435374
1.026117277     -2.285676056
1.173007493     -1.743947031
0.210203896     0.506483037
1.087829903     -2.126237766
1.106775815     -2.051805467
1.391933099     -0.725610694
0.337705958     0.179470409
0.066026248     0.824511976
0.83120972     -1.764774482
0.489054971     -0.284138948
0.488280764     -0.281512555
0.805053221     -1.634701278
1.614757028     0.043840323
0.660313961     -0.945548309
1.145919898     -1.875805158
1.017005277     -2.295381614
0.834324171     -1.780100495
0.895180167     -2.059889977
0.334009999     0.18967504
0.229455625     0.460172073
1.151276822     -1.850162024
0.347689936     0.151665637
0.22920324     0.46078572
1.794761945     0.518267687
1.060986167     -2.213674607
1.278853918     -1.222820074
1.1234298     -1.979869266
0.876530978     -1.97969396
0.788518608     -1.552061157
1.378856839     -0.779072759
0.841379577     -1.814612032
0.873926981     -1.968000241
1.144044634     -1.884716287
0.777085122     -1.49509364
1.132757805     -1.937514384
1.205972697     -1.579578768
0.560560582     -0.539966963
0.938705741     -2.212813263
1.424001882     -0.59884844
1.383203087     -0.76118726
1.905924935     0.76628145
1.843306225     0.630161306
0.470589955     -0.222284559
0.541731768     -0.46996454
1.012183818     -2.298880827
1.82218321     0.582194992
1.174876504     -1.734692344
0.500525973     -0.323398015
1.037269956     -2.268448203
0.178555754     0.580497174
1.345878561     -0.918593513
1.503268893     -0.3103382