0.769497663     6.476044787
0.78365679     6.568392164
0.792194103     6.624708638
1.795982942     18.07618328
1.472184638     13.07624109
0.592855602     5.427441752
0.335771008     4.197055872
1.025006557     8.361341207
0.035426299     3.10818386
1.044907438     8.529406036
0.604311824     5.489977256
0.541149691     5.153942623
1.74451691     17.16940805
0.712615022     6.117951453
0.670316129     5.864565628
0.607026098     5.5048988
0.797021246     6.65676436
1.009046062     8.228949392
0.501280854     4.952503185
1.727343377     16.87706611
0.950636038     7.762064376
1.459725698     12.91433567
1.778672984     17.76597787
0.6319616     5.643891945
0.514627689     5.019046511
0.554506758     5.223245995
0.88746481     7.286891862
0.325461886     4.154010174
1.565054279     14.34880363
0.459265609     4.748733247
0.688171783     5.970221755
0.826626436     6.856785354
0.196456884     3.651248532
0.711621967     6.111879007
0.955207386     7.7976287
1.058366822     8.644982637
0.629449121     5.629729584
0.931105776     7.611939981
0.803773107     6.701861983
0.951827476     7.771317906
1.331159526     11.35629045
0.651054168     5.752683587
1.0091228     8.22958089
1.047903654     8.555000302
0.594610927     5.436977042
1.25355348     10.50830365
1.60701268     14.96366559
0.922329721     7.545429454
1.196185397     9.92242836
0.429699074     4.610384977
1.266030611     10.64023851
0.906531798     7.427163975
0.246199422     3.837463919
1.318640332     11.21500508
0.849763981     7.017284148
1.203559694     9.99586975
0.458716502     4.7461264
0.957473165     7.815316434
1.089772811     8.920795281
0.74792388     6.337828289
1.034278855     8.439230603
0.792069048     6.623880236
1.294315896     10.9454975
1.696768439     16.36885964
0.869064027     7.154033444
1.795168944     18.06147529
0.735818506     6.261569012
1.671981297     15.96810964
1.065227255     8.704494867
0.554222541     5.22176167
0.455267243     4.729783982
1.160431455     9.573929657
1.672359874     15.97415594
1.485005103     13.24496383
1.146918069     9.445423681
0.148328698     3.479682266
1.361649199     11.7078726
0.353292424     4.271242261
1.077748155     8.814168148
0.922291067     7.545137799
1.054671432     8.613095009
1.663767423     15.83748679
1.154803956     9.520203691
1.487398211     13.27669841
0.80406244     6.703801333
0.941441047     7.691019394
0.514197953     5.01689011
1.238572397     10.35205122
0.919231186     7.522085861
1.487829084     13.28242022
1.306180254     11.07613222
0.866212193     7.133660392
0.985520844     8.03762091
0.156852937     3.50947069
0.161882442     3.527166053
0.636958137     5.672162428
1.32702701     11.30945723
1.136565177     9.348140679
1.792740593     18.01766889
0.779237783     6.539430431
1.837962943     18.85117473
0.808720759     6.735102627
0.538579232     5.140711637
1.685043915     16.17806324
0.742217369     6.3017644
0.258943717     3.886682654
0.735554184     6.259914161
1.078870812     8.824068993
1.438708412     12.64574381
1.354432359     11.62368292
1.6254038     15.24141035
1.501747763     13.46858655
1.03554419     8.449915816
1.199826218     9.958619989
1.63866878     15.44493424
0.661662287     5.814033567
1.105680442     9.063838725
0.097994987     3.308871768
1.242996521     10.39795144
0.632713639     5.648137968
1.139744429     9.377908068
0.497556473     4.934092482
1.170370527     9.669560085
0.260203367     3.891581599
0.768604084     6.470260514
1.728005034     16.88823664
0.8610906     7.097218088
1.076702804     8.804959063
1.219034746     10.15175944
0.313290573     4.103756861
0.764765448     6.445471149
1.083831537     8.867951527
0.734057496     6.25055203
0.602058551     5.477620765
0.20170012     3.670443167
1.026117277     8.370633475
0.833879656     6.906699929
1.697375526     16.37879998
0.479615553     4.84635968
1.076818765     8.805980154
0.43123612     4.6174768
0.854678663     7.051856755
1.72003786     16.7542197
1.132797595     9.312987056
0.960466539     7.838745648
0.708091423     6.090338796
1.431613216     12.55633733
0.800712658     6.68138263
1.589944875     14.71043585
1.406239451     12.24174387
0.263952759     3.906200052
1.614431883     15.07509692
0.92944538     7.599311634
0.561291588     5.258805326
1.526871418     13.81125317
0.632011622     5.644174271
1.039456722     8.483041141
0.624143356     5.599938663
0.547350171     5.18599882
0.58362082     5.377551229
1.78086714     17.80500199
0.91624577     7.499662794
0.054393811     3.167701036
1.738430117     17.06521883
1.752611413     17.30894988
1.066963821     8.71962393
0.804929303     6.70961513
1.936393008     20.80108808
0.639393309     5.685991951
0.372500952     4.354079583
1.470395207     13.05286299
0.53640895     5.129566941
1.078406401     8.819971949
1.186308853     9.824911417
1.042450097     8.508472108
0.861249762     7.098347785
1.810293841     18.33672959
0.753295015     6.371961205
0.83815826     6.936314272
0.960351715     7.837845623
1.149235575     9.467338892
1.02990987     8.402440158
0.695295401     6.012903177
1.060485377     8.663316922
1.646972467     15.57371809
1.075464186     8.794059834
0.365717258     4.324642797
0.875781214     7.202250183
1.422797939     12.44613618
0.048845893     3.150175551
1.05067136     8.578710825
0.726492206     6.203443212
1.437921699     12.63579915
1.046021569     8.538914207
0.6246504     5.602778798
1.693651145     16.31791255
1.779702987     17.78428631
0.191406914     3.632856316
1.225536496     10.21797868
1.062759113     8.683037429
1.296867029     10.97345657
0.648364906     5.737233897
1.329399086     11.33631596
0.181636667     3.597535241
0.617052708     5.560371912
0.759840534     6.413805796
0.350368398     4.25877128
0.897407861     7.359707202
0.868074383     7.146957
0.757519618     6.398937153
0.974534148     7.949797341
0.764210088     6.441892585
0.549593213     5.197644289
1.533379989     13.90143786
1.769168764     17.59792597
1.347629907     11.5448817
1.034509071     8.441173673
1.420886863     12.42237338
1.740255928     17.09640516
0.29937303     4.047038256
0.803112019     6.697432926
1.576799266     14.51832369
0.844794729     6.982499992
1.610464213     15.01540241
1.81214921     18.37078257
1.074342665     8.78420264
0.533342816     5.113863089
0.091296559     3.286781596
1.204349817     10.00377084
1.268236136     10.66373172
1.330778676     11.35196623
1.407251264     12.25413649
1.023551365     8.349182699
0.361417622     4.306088324
0.992101039     8.090684415
0.432403683     4.622871143
1.120631967     9.200375106
0.486079787     4.877789157
1.634454409     15.37998052
0.133603978     3.428820302
0.303736331     4.064735282
0.581398242     5.365612474
1.199287342     9.953254973
1.354334588     11.62254651
1.492094614     13.33919779
1.051632583     8.586960843
1.383306542     11.96419968
0.271885827     3.937311444
1.026117277     8.370633475
1.173007493     9.695092035
0.210203896     3.701788883
1.087829903     8.903479823
1.106775815     9.073772449
1.391933099     12.06785599
0.337705958     4.205184827
0.066026248     3.204764269
0.83120972     6.888284078
0.489054971     4.892323087
0.488280764     4.888536882
0.805053221     6.710446624
1.614757028     15.07999931
0.660313961     5.806199637
1.145919898     9.436000237
1.017005277     8.294706711
0.834324171     6.909770743
0.895180167     7.343330275
0.334009999     4.189671323
0.229455625     3.773745138
1.151276822     9.486683806
0.347689936     4.247379586
0.22920324     3.772792822
1.794761945     18.05412578
1.060986167     8.667656511
1.278853918     10.77756013
1.1234298     9.226152263
0.876530978     7.207652196
0.788518608     6.600404247
1.378856839     11.91108081
0.841379577     6.958694366
0.873926981     7.188907907
1.144044634     9.418321827
0.777085122     6.525368395
1.132757805     9.3126165
1.205972697     10.02001894
0.560560582     5.254962513
0.938705741     7.670010848
1.424001882     12.46112964
1.383203087     11.96296199
1.905924935     20.17687655
1.843306225     18.95217146
0.470589955     4.802815189
0.541731768     5.156943488
1.012183818     8.254810379
1.82218321     18.5560429
1.174876504     9.713229212
0.500525973     4.948766045
1.037269956     8.464510983
0.178555754     3.586468604
1.345878561     11.52468031
1.503268893     13.48908961