0.412369655     0.711084589
0.925382789     2.627708255
0.034242339     0.706624115
0.459793487     1.027169804
-0.56477508     0.463089904
1.596119035     7.057228537
0.91877455     1.594085656
-1.741187371     0.9793595
0.244782773     0.539376395
1.812441679     13.4868886
1.379942162     3.496053045
0.631073208     1.191829181
-0.526486166     0.591748545
0.785880922     1.140477162
0.568246349     1.187790912
-0.112693796     0.736586849
-1.028566551     0.38953706
-2.098663941     0.740529108
0.576846777     1.343817657
0.470872005     1.105442468
0.481221674     0.931360213
-1.209758631     0.556294146
0.260137211     0.829801507
-0.214344059     0.509658369
-1.840262364     0.946546488
1.288884517     3.377841537
1.384898341     4.286775497
1.136263353     2.764615612
-0.495242802     0.25797504
-1.082647212     0.376394339
-0.673811021     0.5409781
-0.128339774     0.567377685
0.365626083     0.934581501
-1.676902812     0.612109866
-2.336220411     2.301875287
-0.571140369     0.682113786
0.158049638     0.600982969
0.631704878     1.395450882
-0.535183775     0.43727927
1.247437254     2.607299041
-0.940618666     0.353691749
1.749857769     7.979561694
1.09593366     2.23824572
-0.219786138     0.497715939
0.307755403     1.001251303
1.442769021     4.645269414
-1.288231468     0.397530247
1.288155667     3.241729257
0.072822793     0.623407728
0.309650413     0.590128587
0.121024064     0.546553101
0.999968426     2.18564498
-0.646406266     0.502129708
0.074717802     0.469362032
0.20387     0.67505692
0.439677231     0.761673014
-1.243285725     0.577002087
0.494340971     0.913134015
0.279816158     1.170841451
0.750264458     1.377021297
-0.525077057     0.599670305
-1.3327399     0.813828543
-0.617689581     0.488150417
0.764355556     0.828610527
0.651432415     0.747488825
-0.578040148     0.429556035
-0.507438889     0.493629243
-1.185026325     0.612903292
0.460230797     0.890023196
-0.186259044     0.464722297
-0.244518444     0.453145121
1.198604312     2.423423275
-2.017178525     0.828770587
0.20649386     0.699188113
0.524952666     0.735971654
-0.948198705     0.487352245
0.319951491     0.837802483
-0.451074499     0.712724331
-0.773274735     0.415126071
-0.229990036     0.463134557
-0.398888848     0.566155502
0.336472088     0.615863245
1.750100719     7.990906501
-0.354914905     0.454974588
0.861535539     0.98068247
-0.803497709     0.560813402
-1.546584454     0.496679233
-0.907723242     0.444341039
-0.86234019     0.523360624
1.468327357     5.032827693
-0.116969715     0.622929749
1.198361362     3.250620421
0.161548118     0.609025047
0.934809247     1.557168895
0.279281668     1.025187699
-0.883428246     0.921842782
-0.530324776     0.554105963
-0.932601318     0.49051778
1.586158087     7.679970124
-0.122460385     0.547104463
-1.526856917     0.780337256
2.03853091     14.42527473
-1.425109475     0.560364975
-0.74105957     0.341342548
0.876647027     1.604817521
1.144718011     2.724676737
1.03500181     1.971349053
1.077761003     1.881165014
-0.009002754     0.62421685
-1.026185642     0.531371671
-0.425078853     0.726403342
0.249447413     0.669614233
0.115484805     0.51857508
-0.92171716     0.413823449
-0.343690617     0.390302999
0.939911196     1.607482617
-0.536252755     0.515883726
-0.814381868     0.618148433
-0.940521486     0.375985504
0.85560756     1.758615847
-1.396101249     0.902858032
-0.299133595     0.447410481
0.329134999     0.774905646
0.180984114     0.75318845
-0.615308671     0.598003151
-1.172441517     0.670167146
-0.14782436     0.601956278
-0.723615763     0.428418235
0.704784226     2.07933318
-2.367318005     1.735082122
0.083415411     0.595010458
0.906967182     1.960980495
0.304888593     0.933416552
-0.610644032     0.744139289
0.79914599     1.029591286
-1.317385463     0.502718385
-0.772205755     0.403081928
-0.85796709     0.779876617
-1.420784965     0.575025493
-0.947809985     0.426767921
1.353460616     3.067126581
-0.771476905     0.40452169
0.532289755     1.091096071
-0.008565444     0.752820206
1.250547014     3.167307195
-0.220077678     0.732749618
-1.011122744     0.461152182
-0.14937924     0.471378991
-0.38897649     0.628957173
-0.015756763     0.614969295
-1.211750821     0.44217572
1.408513077     5.098587952
0.356636935     0.562502632
-2.558373853     1.433149388
1.604816644     5.10734981
-1.45173679     0.408355635
-1.079537453     0.261218215
0.692539548     1.021162028
0.962262592     1.874715655
-0.350736166     0.559933951
0.744870969     1.038911572
1.051133687     2.439612111
-0.356324015     0.60913065
0.775336894     1.522951687
-0.883185296     0.701962555
0.684036299     1.78516751
0.300272544     0.896754745
-0.874147558     0.483548921
0.862021439     1.953970286
0.225589727     1.022644977
0.91692813     1.828433408
-0.241651634     0.547831023
1.146515841     2.87038591
-0.851358851     0.525431095
0.762703496     1.47992275
0.632093598     1.240054165
-1.767571737     1.015016752
-0.182663384     0.451677215
-0.62575552     0.376949811
0.525827286     0.834027135
1.072610464     2.889325553
0.966004022     1.794063971
-1.011219924     0.692753496
-1.797551762     0.674540198
-0.748591019     0.456216082
0.308192713     0.948043041
-0.124355394     0.435141621
-1.367384564     0.519174345
-0.393835489     0.734879133
1.101861639     2.115358206
-1.764267617     0.71269507
-0.026349381     0.902805447
0.839621453     1.597770844
-0.905050792     0.510786497
-0.56200545     0.624714095
-0.901600903     0.443385112
-0.56283148     0.528646567
0.044932137     0.816490644
-0.126201814     0.565393597
0.372185732     0.698900485
-1.302808465     0.605158328
-0.049381037     0.598596308
1.382323071     4.058033525
0.252702942     0.88840715
0.255083852     0.719114223
0.696038027     1.110263673
-0.631100419     0.364867482
1.047003538     2.83201443
-0.205014781     0.407383278
-1.871408549     0.840341308
-2.491562614     2.848395298
0.271750219     0.848720733
-0.32833618     0.457320952
-1.758048098     0.596426369
-0.239610855     0.431832453
1.642619657     11.89949732
-0.365799063     0.464130198
-1.203636292     0.542176417
0.876744207     2.777725795
0.770818025     1.181888805
1.645146337     8.99666184
1.228487157     3.447492547
-1.51116235     0.79043623
1.56706222     4.662850042
1.205698451     2.776746066
-0.060265195     0.416878077
-0.052636566     0.459729405
0.62281291     1.294881847
-0.602821043     0.681217696
0.571307518     0.996574887
1.016343253     1.765562715
0.541035953     1.23798303
0.339630437     0.742147814
-1.677923202     0.872861424
-1.03668108     0.469312626
0.760759896     0.763120015
1.219983909     2.143609962
-0.271971789     0.639450648
-2.191422235     1.63962946
0.433457712     0.824278225
1.842324524     18.12310325
0.20382141     0.666649978
-0.873904608     0.406956702
0.32174932     0.581675748
-0.432610302     0.500048958
1.850487642     12.31196864
0.231177576     1.14889223
-0.005552864     0.640821242
-0.575853598     0.55545729
-0.261816481     0.666816182
-0.312301482     0.448885131
-1.437208382     0.652779983
-1.143530472     0.543606657
-0.175472066     0.774956507
0.338658638     1.055246994
0.747203289     1.98286372
-1.313498263     0.587908478
-1.417335076     1.095217153
0.434089381     0.989656736
-1.267434951     0.487233029
-0.588389816     0.458739674
-0.318812541     0.477437255
0.582823346     1.019328737
-0.479110924     0.599169123
0.97785998     1.626305695
-0.174646036     0.720665394
-0.107300307     0.642562982
0.074134722     0.877741779
-0.558652741     0.632647022
-0.245101524     0.653412149
0.985391428     2.077167622
-0.288978286     0.617114628
1.638926818     7.369475847
0.108585026     0.573070401
0.216794938     0.730378929
-0.430375163     0.550164775
-0.906265542     0.477807399
1.156914099     2.855120446
0.339679027     0.745758869
-0.048992317     0.593318142
0.400902417     0.75599395
0.463146197     1.04886995
-1.440852632     0.570096477
-0.724101663     0.510325964
-0.5073903     0.614498285
0.600461513     0.698384633
-0.583385047     0.67526158
0.493126222     1.132321237
-0.652528605     0.478921363
-0.127222204     0.473635033
-0.183392234     0.468561766
1.901701494     14.56642786
-0.451171679     0.456113718
0.768631475     2.152987254
-0.516816758     0.571892954