0.769497663     11.81054962
0.78365679     12.25713169
0.792194103     12.53549205
1.795982942     263.8379149
1.472184638     90.41837409
0.592855602     7.534176156
0.335771008     4.095079227
1.025006557     23.65124299
0.035426299     2.147923986
1.044907438     25.02047972
0.604311824     7.751202098
0.541149691     6.63649364
1.74451691     221.2994364
0.712615022     10.19100321
0.670316129     9.147758931
0.607026098     7.803650601
0.797021246     12.69599792
1.009046062     22.61263649
0.501280854     6.026834331
1.727343377     208.788127
0.950636038     19.219066
1.459725698     86.9139216
1.778672984     248.6295859
0.6319616     8.304691251
0.514627689     6.223542148
0.554506758     6.856189318
0.88746481     16.16929893
0.325461886     4.000587112
1.565054279     121.8771655
0.459265609     5.452358996
0.688171783     9.572772852
0.826626436     13.73194072
0.196456884     3.008672861
0.711621967     10.16503047
0.955207386     19.46329556
1.058366822     25.99585121
0.629449121     8.252596688
0.931105776     18.21311464
0.803773107     12.92435967
0.951827476     19.28239204
1.331159526     58.2218379
0.651054168     8.712895141
1.0091228     22.61750832
1.047903654     25.23407631
0.594610927     7.566978878
1.25355348     46.00787932
1.60701268     139.7937947
0.922329721     17.78016426
1.196185397     38.7783374
0.429699074     5.085543192
1.266030611     47.76732392
0.906531798     17.02922076
0.246199422     3.35278615
1.318640332     56.03367082
0.849763981     14.60720167
1.203559694     39.63406372
0.458716502     5.445276394
0.957473165     19.5856167
1.089772811     28.43823989
0.74792388     11.16463276
1.034278855     24.27866523
0.792069048     12.53136407
1.294315896     52.03311943
1.696768439     188.3483762
0.869064027     15.38486367
1.795168944     263.1009197
0.735818506     10.81956146
1.671981297     173.3509856
1.065227255     26.50902742
0.554222541     6.851429472
0.455267243     5.401026195
1.160431455     34.90571451
1.672359874     173.5701686
1.485005103     94.18429509
1.146918069     33.55385438
0.148328698     2.714492843
1.361649199     63.94868693
0.353292424     4.261657816
1.077748155     27.47454459
0.922291067     17.7782827
1.054671432     25.72395802
1.663767423     168.6677564
1.154803956     34.3356428
1.487398211     94.90581491
0.80406244     12.93424731
0.941441047     18.73800422
0.514197953     6.217095899
1.238572397     43.98798848
0.919231186     17.6300343
1.487829084     95.03635493
1.306180254     53.94421359
0.866212193     15.2671123
0.985520844     21.17220851
0.156852937     2.764042251
0.161882442     2.793776974
0.636958137     8.409396586
1.32702701     57.48945126
1.136565177     32.55691196
1.792740593     260.9153173
0.779237783     12.11576328
1.837962943     305.0013426
0.808720759     13.0946062
0.538579232     6.595137798
1.685043915     181.0882006
0.742217369     11.00045425
0.258943717     3.448210339
0.735554184     10.81216113
1.078870812     27.56298353
1.438708412     81.33014723
1.354432359     62.54002205
1.6254038     148.5215084
1.501747763     99.35916795
1.03554419     24.36569666
1.199826218     39.19827724
1.63866878     155.1789378
0.661662287     8.949436303
1.105680442     29.77055329
0.097994987     2.442393159
1.242996521     44.57425111
0.632713639     8.320356298
1.139744429     32.85956859
0.497556473     5.97321378
1.170370527     35.93799537
0.260203367     3.457812734
0.768604084     11.78298149
1.728005034     209.2558796
0.8610906     15.05814723
1.076702804     27.39247553
1.219034746     41.49757357
0.313290573     3.89225515
0.764765448     11.66536917
1.083831537     27.95753005
0.734057496     10.77036451
0.602058551     7.707964016
0.20170012     3.042929175
1.026117277     23.72545212
0.833879656     13.99987785
1.697375526     188.7326952
0.479615553     5.722413849
1.076818765     27.40156618
0.43123612     5.10390155
0.854678663     14.80100011
1.72003786     203.6972854
1.132797595     32.20219207
0.960466539     19.74852189
0.708091423     10.07329046
1.431613216     79.53364762
0.800712658     12.82028652
1.589944875     132.1855758
1.406239451     73.45183167
0.263952759     3.486579334
1.614431883     143.2465209
0.92944538     18.13031549
0.561291588     6.970937044
1.526871418     107.7080738
0.632011622     8.305732181
1.039456722     24.63698417
0.624143356     8.143791551
0.547350171     6.737469481
0.58362082     7.36422727
1.78086714     250.5044209
0.91624577     17.48671142
0.054393811     2.232491614
1.738430117     216.775688
1.752611413     227.4723546
1.066963821     26.64068452
0.804929303     12.96392188
1.936393008     430.8587668
0.639393309     8.460965733
0.372500952     4.45332883
1.470395207     89.90579685
0.53640895     6.560448078
1.078406401     27.52636104
1.186308853     37.66368488
1.042450097     24.84678223
0.861249762     15.06459314
1.810293841     277.1615028
0.753295015     11.32166971
0.83815826     14.1606559
0.960351715     19.74224542
1.149235575     33.78156682
1.02990987     23.98077953
0.695295401     9.748488627
1.060485377     26.15314964
1.646972467     159.5088549
1.075464186     27.29558148
0.365717258     4.3845252
0.875781214     15.66621844
1.422797939     77.36114474
0.048845893     2.2073514
1.05067136     25.4331648
0.726492206     10.56184483
1.437921699     81.12880717
1.046021569     25.09967173
0.6246504     8.154119254
1.693651145     186.3881171
1.779702987     249.5078165
0.191406914     2.976105752
1.225536496     42.30884026
1.062759113     26.32313419
1.296867029     52.43775646
0.648364906     8.654053407
1.329399086     57.90861268
0.181636667     2.914263899
0.617052708     8.000901432
0.759840534     11.51639075
0.350368398     4.233322655
0.897407861     16.61156684
0.868074383     15.34388772
0.757519618     11.44692123
0.974534148     20.53441376
0.764210088     11.6484623
0.549593213     6.774426315
1.533379989     109.9921319
1.769168764     240.6799289
1.347629907     61.24299901
1.034509071     24.29447431
1.420886863     76.89867895
1.740255928     218.1221691
0.29937303     3.772518913
0.803112019     12.90179933
1.576799266     126.6293205
0.844794729     14.41411439
1.610464213     141.388808
1.81214921     278.9407809
1.074342665     27.20817216
0.533342816     6.511791669
0.091296559     2.408669025
1.204349817     39.72696623
1.268236136     48.08588155
1.330778676     58.15391987
1.407251264     73.68447727
1.023551365     23.55440541
0.361417622     4.341550331
0.992101039     21.56464239
0.432403683     5.117897574
1.120631967     31.08537703
0.486079787     5.81136904
1.634454409     153.0297711
0.133603978     2.631345062
0.303736331     3.809592188
0.581398242     7.323975128
1.199287342     39.13581045
1.354334588     62.52117048
1.492094614     96.33916591
1.051632583     25.50271157
1.383306542     68.38647425
0.271885827     3.548367348
1.026117277     23.72545212
1.173007493     36.21744099
0.210203896     3.099464156
1.087829903     28.28004821
1.106775815     29.86478098
1.391933099     70.24607814
0.337705958     4.113100905
0.066026248     2.286319828
0.83120972     13.90057853
0.489054971     5.852840087
0.488280764     5.842016044
0.805053221     12.96817006
1.614757028     143.3999157
0.660313961     8.918973963
1.145919898     33.45629438
1.017005277     23.12415236
0.834324171     14.01648661
0.895180167     16.5113253
0.334009999     4.078756858
0.229455625     3.232055731
1.151276822     33.98353535
0.347689936     4.207557736
0.22920324     3.230275122
1.794761945     262.7332467
1.060986167     26.1904849
1.278853918     49.65216298
1.1234298     31.33841266
0.876530978     15.69797556
0.788518608     12.41479659
1.378856839     67.44816194
0.841379577     14.28305931
0.873926981     15.58798601
1.144044634     33.27384651
0.777085122     12.04755746
1.132757805     32.19846847
1.205972697     39.91853023
0.560560582     6.958469919
0.938705741     18.5974793
1.424001882     77.65403316
1.383203087     68.3644988
1.905924935     386.8422525
1.843306225     310.7133448
0.470589955     5.600797805
0.541731768     6.645899447
1.012183818     22.81278785
1.82218321     288.7768547
1.174876504     36.41694209
0.500525973     6.015922032
1.037269956     24.48495084
0.178555754     2.895076546
1.345878561     60.91381175
1.503268893     99.84429399