0.769497663     2.424573705
0.78365679     2.441951139
0.792194103     2.45224491
1.795982942     3.128913389
1.472184638     2.985896167
0.592855602     2.16993206
0.335771008     1.607000026
1.025006557     2.688530229
0.035426299     0.26465864
1.044907438     2.705424059
0.604311824     2.188917336
0.541149691     2.079046637
1.74451691     3.10893966
0.712615022     2.350671925
0.670316129     2.291060039
0.607026098     2.193357859
0.797021246     2.458005213
1.009046062     2.674659409
0.501280854     2.002558431
1.727343377     3.102069299
0.950636038     2.62129442
1.459725698     2.979449011
1.778672984     3.122296172
0.6319616     2.233155612
0.514627689     2.028833609
0.554506758     2.103378679
0.88746481     2.558522
0.325461886     1.577114057
1.565054279     3.031502455
0.459265609     1.915071716
0.688171783     2.316741713
0.826626436     2.492416595
0.196456884     1.128321873
0.711621967     2.349320123
0.955207386     2.625625447
1.058366822     2.71660512
0.629449121     2.229225237
0.931105776     2.602479262
0.803773107     2.465990755
0.951827476     2.622425851
1.331159526     2.907795868
0.651054168     2.26246231
1.0091228     2.674726802
1.047903654     2.707929919
0.594610927     2.172866769
1.25355348     2.859458794
1.60701268     3.050788816
0.922329721     2.593856283
1.196185397     2.820883611
0.429699074     1.848766277
1.266030611     2.867516799
0.906531798     2.578062719
0.246199422     1.319751341
1.318640332     2.900277331
0.849763981     2.518259467
1.203559694     2.82598772
0.458716502     1.913877569
0.957473165     2.627762042
1.089772811     2.741958608
0.74792388     2.397338145
1.034278855     2.696455997
0.792069048     2.452095108
1.294315896     2.885369068
1.696768439     3.089571771
0.869064027     2.539147943
1.795168944     3.128604452
0.735818506     2.381639383
1.671981297     3.079181758
1.065227255     2.722230274
0.554222541     2.102867353
0.455267243     1.906345041
1.160431455     2.795493789
1.672359874     3.079342229
1.485005103     2.992445915
1.146918069     2.785610506
0.148328698     0.91514504
1.361649199     2.925683743
0.353292424     1.656137634
1.077748155     2.732370566
0.922291067     2.593818068
1.054671432     2.713554544
1.663767423     3.075686241
1.154803956     2.79139762
1.487398211     2.993659152
0.80406244     2.466331106
0.941441047     2.61249962
0.514197953     2.027998386
1.238572397     2.849630879
0.919231186     2.590786322
1.487829084     2.993877282
1.306180254     2.892690807
0.866212193     2.536098558
0.985520844     2.65367086
0.156852937     0.955178416
0.161882442     0.978315373
0.636958137     2.240920281
1.32702701     2.905325434
1.136565177     2.777928293
1.792740593     3.127681515
0.779237783     2.436569005
1.837962943     3.144554448
0.808720759     2.471790115
0.538579232     2.074292323
1.685043915     3.084686589
0.742217369     2.389975821
0.258943717     1.364758473
0.735554184     2.381293167
1.078870812     2.733271915
1.438708412     2.96838535
1.354432359     2.921502858
1.6254038     3.059002341
1.501747763     3.000873118
1.03554419     2.697530157
1.199826218     2.823409135
1.63866878     3.064838829
0.661662287     2.278329234
1.105680442     2.754422145
0.097994987     0.655490358
1.242996521     2.852550779
0.632713639     2.234328668
1.139744429     2.780297731
0.497556473     1.995100975
1.170370527     2.802660866
0.260203367     1.369125044
0.768604084     2.423464006
1.728005034     3.10233596
0.8610906     2.530590102
1.076702804     2.731530131
1.219034746     2.836556385
0.313290573     1.540854319
0.764765448     2.418679129
1.083831537     2.737239439
0.734057496     2.379329969
0.602058551     2.18521439
0.20170012     1.149779595
1.026117277     2.689484727
0.833879656     2.500614361
1.697375526     3.089823302
0.479615553     1.958382762
1.076818765     2.731623415
0.43123612     1.852316983
0.854678663     2.523635121
1.72003786     3.099114463
1.132797595     2.775108436
0.960466539     2.630574582
0.708091423     2.344496152
1.431613216     2.964596026
0.800712658     2.462381382
1.589944875     3.04303696
1.406239451     2.950813866
0.263952759     1.382037074
1.614431883     3.054119446
0.92944538     2.600855949
0.561291588     2.115503767
1.526871418     3.013257584
0.632011622     2.233233687
1.039456722     2.700840386
0.624143356     2.220867482
0.547350171     2.090418987
0.58362082     2.154335942
1.78086714     3.123140509
0.91624577     2.587815729
0.054393811     0.39245612
1.738430117     3.106516668
1.752611413     3.112141584
1.066963821     2.723646345
0.804929303     2.46734992
1.936393008     3.179114374
0.639393309     2.24467988
0.372500952     1.707738891
1.470395207     2.9849752
0.53640895     2.070259814
1.078406401     2.732899209
1.186308853     2.813977643
1.042450097     2.703361617
0.861249762     2.53076191
1.810293841     3.134309253
0.753295015     2.404206531
0.83815826     2.505408471
0.960351715     2.630466908
1.149235575     2.787316967
1.02990987     2.692733448
0.695295401     2.32677345
1.060485377     2.71834749
1.646972467     3.068455683
1.075464186     2.730532869
0.365717258     1.689776909
0.875781214     2.546280484
1.422797939     2.959849104
0.048845893     0.355989859
1.05067136     2.710236062
0.726492206     2.369333298
1.437921699     2.967966559
1.046021569     2.706356987
0.6246504     2.221669596
1.693651145     3.088278004
1.779702987     3.122692732
0.191406914     1.107347411
1.225536496     2.840940192
1.062759113     2.72021223
1.296867029     2.886951584
0.648364906     2.258393312
1.329399086     2.906744835
0.181636667     1.065885542
0.617052708     2.20957419
0.759840534     2.412497498
0.350368398     1.648078169
0.897407861     2.568778625
0.868074383     2.538091185
0.757519618     2.409567556
0.974534148     2.643639415
0.764210088     2.417984464
0.549593213     2.094499874
1.533379989     3.016416011
1.769168764     3.118619985
1.347629907     2.917532135
1.034509071     2.696651563
1.420886863     2.958814265
1.740255928     3.107244858
0.29937303     1.498039182
0.803112019     2.465212529
1.576799266     3.036979629
0.844794729     2.512784177
1.610464213     3.052341192
1.81214921     3.135003921
1.074342665     2.729628534
0.533342816     2.06453389
0.091296559     0.617602505
1.204349817     2.826531983
1.268236136     2.868929348
1.330778676     2.907568661
1.407251264     2.951370468
1.023551365     2.687277603
0.361417622     1.678245779
0.992101039     2.659608198
0.432403683     1.855006328
1.120631967     2.76591352
0.486079787     1.971766558
1.634454409     3.062992401
0.133603978     0.843454162
0.303736331     1.511621756
0.581398242     2.150542582
1.199287342     2.823036016
1.354334588     2.921445993
1.492094614     2.996031621
1.051632583     2.71103506
1.383306542     2.93803799
0.271885827     1.408943227
1.026117277     2.689484727
1.173007493     2.804548092
0.210203896     1.18390731
1.087829903     2.740419237
1.106775815     2.755271282
1.391933099     2.942880168
0.337705958     1.612527426
0.066026248     0.466594956
0.83120972     2.497607124
0.489054971     1.977867703
0.488280764     1.97628359
0.805053221     2.467495449
1.614757028     3.054264876
0.660313961     2.276328591
1.145919898     2.784874038
1.017005277     2.681613024
0.834324171     2.501113865
0.895180167     2.566493384
0.334009999     1.601947216
0.229455625     1.258229382
1.151276822     2.78881604
0.347689936     1.640646756
0.22920324     1.257280426
1.794761945     3.128449901
1.060986167     2.718758665
1.278853918     2.875680583
1.1234298     2.768040355
0.876530978     2.547072291
0.788518608     2.447829944
1.378856839     2.935522942
0.841379577     2.508997726
0.873926981     2.544318564
1.144044634     2.783488016
0.777085122     2.433933678
1.132757805     2.775078586
1.205972697     2.827648295
0.560560582     2.114204852
0.938705741     2.609861667
1.424001882     2.960499977
1.383203087     2.937979651
1.905924935     3.168718869
1.843306225     3.146505063
0.470589955     1.93939759
0.541731768     2.080119987
1.012183818     2.677409468
1.82218321     3.138741512
1.174876504     2.805882108
0.500525973     2.001051393
1.037269956     2.698992332
0.178555754     1.052563495
1.345878561     2.916505104
1.503268893     3.001631779