10.1078     0.151481727
73.5996     0.884232228
175.7574     1.458226374
39.1423     0.63023163
44.6059     0.570482339
-115.7089     -3.427365871
128.1793     1.430018732
45.5507     0.567859048
-54.335     -0.820300764
87.4117     0.946217854
65.9262     0.865273155
174.6861     1.82694514
-58.9312     -1.314167206
31.8623     0.43493211
149.5163     1.462405125
158.4804     1.57962756
-13.8218     -0.223831555
77.7031     0.897891714
52.6043     0.628041304
-46.7273     -0.868529103
92.0749     0.932819687
142.0777     1.367224195
98.1601     1.11582086
47.1822     0.628463347
49.8107     0.706443565
27.479     0.392140913
1.3229     0.0192923
114.1069     1.134819549
-24.5823     -0.449475326
8.4739     0.162705232
-50.3609     -1.341655034
22.4696     0.355608732
19.7294     0.268608842
207.2513     1.614727941
43.4383     0.616896
36.6266     0.562452107
8.0885     0.123630111
-58.9145     -1.064039791
34.3914     0.392988879
27.361     0.381114357
160.2413     1.539356346
105.8936     1.360378103
57.4037     0.727363843
3.2266     0.049524038
-20.756     -0.309898353
-31.1144     -0.493431361
-0.647     -0.009927104
65.5489     0.716372809
78.4078     0.964800587
-81.8796     -1.785160508
142.2541     1.371852425
19.4685     0.247347511
63.4426     0.735047369
80.1359     0.814885281
105.4213     1.08100351
54.7379     0.725742576
69.4301     0.771461842
91.8098     0.954886929
71.5837     0.748288006
301.9829     2.126974166
37.4859     0.54781202
-53.6458     -0.780681815
-77.5545     -2.039372998
198.082     1.620631425
-32.2316     -0.674242012
-98.8939     -1.780604795
99.0505     0.998567433
9.7144     0.137008945
9.0655     0.139959736
13.3273     0.180206042
147.9522     1.37874408
-106.2838     -2.540432011
-45.8202     -0.957814136
166.7083     1.456420512
127.1704     1.212382142
97.7304     1.046997381
198.3485     1.651042616
28.6111     0.313677272
117.2486     1.230447458
171.3215     1.554400361
44.7363     0.604803679
78.8203     0.867332331
-50.3002     -0.973137262
-56.4021     -1.208944571
5.0832     0.072334419
9.2452     0.142210436
71.9178     0.845703736
-103.4854     -1.964538401
23.8468     0.31654428
99.0264     1.139760714
50.2583     0.646522924
86.7904     1.032286303
63.3454     0.626509146
33.7962     0.433756743
-42.9311     -0.653465271
105.2004     1.148882356
-20.208     -0.373707337
-33.9385     -0.61816622
-19.2473     -0.29403102
182.8148     1.551610642
220.815     1.686103647
126.8276     1.206181763
-18.3254     -0.284121336
50.6807     0.569014511
27.0925     0.385483866
-110.9327     -2.187663558
-107.1964     -2.726991508
50.2131     0.640542661
148.2483     1.458902755
106.2526     1.1336537
52.2228     0.746022948
67.283     0.862561648
21.1131     0.291358641
100.4849     0.90306459
-73.5077     -2.078902341
12.9596     0.183746184
58.1484     0.658659831
-47.8474     -0.825496015
60.9813     0.626326087
-1.8342     -0.026825476
58.6803     0.617351399
44.7487     0.543113545
123.5402     1.117467801
-9.858     -0.186054412
-20.1122     -0.384582436
-178.556     -7.024592131
87.5545     0.889748048
51.9304     0.723565942
-31.7358     -0.576893922
161.6679     1.41709654
144.8889     1.562050162
7.6507     0.10798356
275.8289     1.986727487
137.0376     1.320989487
160.9465     1.308673044
-48.707     -0.805813598
32.3039     0.431828177
-10.1312     -0.162131626
-44.8544     -0.867116969
10.342     0.167024392
110.1819     1.001939645
-85.7271     -1.874660503
186.3155     1.539254329
44.8777     0.531833426
-45.957     -1.136981014
-156.1966     -4.345094832
90.1746     1.050661509
-17.6164     -0.276764617
-65.2468     -1.336884875
57.0206     0.7164337
-72.3528     -1.421623162
100.0225     1.061057552
185.7619     1.704636406
-16.8418     -0.283633216
50.2503     0.601322543
58.2327     0.694371476
13.4201     0.216335637
155.1418     1.42265623
-34.8684     -0.538030321
8.6944     0.139617042
-125.9191     -4.186154209
97.1998     1.080620936
130.0085     1.455643834
21.6768     0.320872998
47.2539     0.567713295
59.4554     0.732819441
-17.7368     -0.265510226
172.8754     1.412830886
-3.3788     -0.04474248
-82.8978     -2.168816355
85.4855     0.890501787
60.9184     0.822602447
106.371     1.056251806
118.6002     1.082247969
147.8143     1.470079613
38.5618     0.593713337
-59.0893     -1.403043089
-19.2039     -0.296344591
-60.7475     -1.394807658
-21.5672     -0.293818653
208.1082     1.776704152
-93.106     -2.274367261
100.3939     1.269242391
39.7672     0.492562733
168.1823     1.735894374
53.7241     0.613423262
-64.1609     -1.059050829
7.9678     0.12027231
48.905     0.558431801
41.3382     0.447985764
198.2211     1.774359034
64.4619     0.722809658
-64.5382     -1.382442025
238.524     1.719768644
15.767     0.232425468
-29.8974     -0.534266624
159.3542     1.558488477
65.9014     0.95578951
-79.2176     -1.80407375
81.9761     0.930775528
138.4289     1.421702524
144.768     1.485804251
153.1366     1.490389238
67.9861     0.920457561
141.3767     1.255610324
159.8993     1.400149385
145.5826     1.305994478
-23.6875     -0.412424893
152.9225     1.269837777
-137.3492     -5.612228887
177.5476     1.499570098
-45.4229     -0.968371121
-36.5645     -0.568051354
0.9531     0.016466856
-7.1716     -0.112850968
163.0878     1.526624793
58.1692     0.682123018
38.6674     0.679896259
176.3096     1.545527463
144.2132     1.300267603
94.6831     1.09968885
41.5349     0.594432486
29.2151     0.44575508
153.7898     1.524444775
84.9418     0.839150159
83.3611     1.044108493
28.0209     0.429811913
34.4761     0.385162635
-20.953     -0.410951113
8.4347     0.144664627
46.849     0.694216615
1.1311     0.016875037
46.221     0.569362973
-87.6545     -1.438808239
203.5283     1.81741331
127.7247     1.227929661
39.3784     0.440331928
44.5665     0.561853493
98.1134     1.050715535
100.0257     0.969214043
90.2363     1.027640612
64.4535     0.627573569
-44.8252     -0.952936925
57.9107     0.817401651
206.3066     1.691721327
83.9029     0.892751196
-18.1539     -0.285813922
59.6051     0.750439712
-34.4758     -0.609714171
140.6457     1.293369909
42.1277     0.559565871
-11.2336     -0.166883313
-82.8091     -1.803797579
-58.6604     -1.061743992
-64.0669     -1.187411385
48.3713     0.659311347
-28.3821     -0.501484199
151.7658     1.52858894
-6.5356     -0.108396248
-74.4093     -1.566815046
140.9731     1.427727505
-44.2184     -0.844304083
-18.9673     -0.301840102
273.3589     1.960845342
-55.737     -1.038381573
10.3525     0.135231693
95.867     1.07760893
-53.0036     -1.045831952
280.5195     2.091468743
38.929     0.453696269
-15.8987     -0.244229416
82.6337     1.039528755
45.0498     0.631565223
-97.2991     -1.807401312
82.3463     0.878277156
141.3376     1.774550203
136.4413     1.202189543
71.4092     0.800837968
47.2     0.522984156
81.5253     0.841716569
142.7952     1.356413401
39.4573     0.476109631
86.9039     1.226076013
56.6327     0.768106192
-27.1169     -0.440255156
39.4778     0.475850564
243.8374     1.816930931
-19.7102     -0.288404529
131.0848     1.44396735
234.3934     1.796302456
176.1471     1.501428149
104.7158     0.977090817
26.8041     0.334681845
84.0923     0.863566579
2.1316     0.027024389
-62.7093     -1.301111902
166.8515     1.3757329
57.9299     0.825953491