0.769497663     0.056524534
0.78365679     0.057986788
0.792194103     0.058878872
1.795982942     0.27939477
1.472184638     0.169319627
0.592855602     0.039922907
0.335771008     0.020166908
1.025006557     0.086681652
0.035426299     0.001889199
1.044907438     0.089418015
0.604311824     0.040915322
0.541149691     0.035573981
1.74451691     0.256985686
0.712615022     0.050858588
0.670316129     0.046849742
0.607026098     0.041152031
0.797021246     0.059386788
1.009046062     0.084533243
0.501280854     0.032359419
1.727343377     0.250028122
0.950636038     0.077002338
1.459725698     0.166219423
1.778672984     0.271582603
0.6319616     0.043355512
0.514627689     0.033422578
0.554506758     0.036677481
0.88746481     0.069399626
0.325461886     0.019463367
1.565054279     0.1945467
0.459265609     0.029094806
0.688171783     0.048521583
0.826626436     0.06255869
0.196456884     0.011146615
0.711621967     0.050762531
0.955207386     0.077573691
1.058366822     0.091305958
0.629449121     0.043131104
0.931105776     0.074594329
0.803773107     0.060101529
0.951827476     0.077150965
1.331159526     0.13748973
0.651054168     0.045078672
1.0091228     0.084543476
1.047903654     0.089835654
0.594610927     0.040074269
1.25355348     0.122595411
1.60701268     0.207332097
0.922329721     0.073529366
1.196185397     0.112564121
0.429699074     0.026869448
1.266030611     0.12488236
0.906531798     0.071638369
0.246199422     0.014250452
1.318640332     0.134974968
0.849763981     0.065107771
1.203559694     0.113810907
0.458716502     0.029052945
0.957473165     0.077857982
1.089772811     0.095832929
0.74792388     0.054337033
1.034278855     0.087948523
0.792069048     0.058865748
1.294315896     0.130215634
1.696768439     0.238222482
0.869064027     0.067282975
1.795168944     0.279020811
0.735818506     0.053130489
1.671981297     0.229159991
1.065227255     0.092280126
0.554222541     0.036653858
0.455267243     0.028790459
1.160431455     0.106686918
1.672359874     0.229295161
1.485005103     0.172575394
1.146918069     0.104535422
0.148328698     0.008258055
1.361649199     0.143809007
0.353292424     0.021376743
1.077748155     0.094079125
0.922291067     0.073524699
1.054671432     0.090784557
1.663767423     0.226251235
1.154803956     0.105786421
1.487398211     0.173190662
0.80406244     0.060132271
0.941441047     0.07586202
0.514197953     0.033388146
1.238572397     0.119900601
0.919231186     0.073155851
1.487829084     0.173301694
1.306180254     0.13251648
0.866212193     0.066958699
0.985520844     0.08143889
0.156852937     0.008761741
0.161882442     0.009060505
0.636958137     0.043803404
1.32702701     0.136654603
1.136565177     0.102912049
1.792740593     0.277909126
0.779237783     0.057528127
1.837962943     0.299622631
0.808720759     0.060628496
0.538579232     0.035363176
1.685043915     0.233881445
0.742217369     0.053766419
0.258943717     0.015065909
0.735554184     0.053104308
1.078870812     0.094241774
1.438708412     0.161126866
1.354432359     0.142287649
1.6254038     0.213246762
1.501747763     0.17693087
1.03554419     0.088122491
1.199826218     0.113178164
1.63866878     0.217638392
0.661662287     0.046049939
1.105680442     0.098193355
0.097994987     0.005350814
1.242996521     0.120690706
0.632713639     0.043422788
1.139744429     0.103408297
0.497556473     0.032065033
1.170370527     0.108293377
0.260203367     0.015146969
0.768604084     0.056432965
1.728005034     0.250291694
0.8610906     0.06637884
1.076702804     0.093927877
1.219034746     0.116467285
0.313290573     0.018640519
0.764765448     0.05604056
1.083831537     0.094963157
0.734057496     0.052956197
0.602058551     0.040719278
0.20170012     0.011467989
1.026117277     0.086832676
0.833879656     0.063351032
1.697375526     0.238449984
0.479615553     0.03066068
1.076818765     0.093944646
0.43123612     0.026983715
0.854678663     0.065657393
1.72003786     0.247141287
1.132797595     0.102326553
0.960466539     0.078234693
0.708091423     0.050421795
1.431613216     0.159445356
0.800712658     0.05977693
1.589944875     0.202016127
1.406239451     0.153581227
0.263952759     0.01538874
1.614431883     0.209694343
0.92944538     0.074392039
0.561291588     0.037243257
1.526871418     0.183697037
0.632011622     0.043359986
1.039456722     0.088662077
0.624143356     0.042658978
0.547350171     0.036084544
0.58362082     0.039130697
1.78086714     0.272556813
0.91624577     0.072797189
0.054393811     0.002921376
1.738430117     0.25449171
1.752611413     0.260351201
1.066963821     0.092528002
0.804929303     0.060224429
1.936393008     0.355611475
0.639393309     0.044022476
0.372500952     0.022723874
1.470395207     0.168870537
0.53640895     0.035185577
1.078406401     0.094174464
1.186308853     0.110913128
1.042450097     0.089076606
0.861249762     0.066396812
1.810293841     0.286079348
0.753295015     0.054877146
0.83815826     0.063821301
0.960351715     0.078220219
1.149235575     0.104901758
1.02990987     0.087349852
0.695295401     0.049196826
1.060485377     0.091605926
1.646972467     0.220443044
1.075464186     0.093748915
0.365717258     0.022245603
0.875781214     0.068050746
1.422797939     0.157381938
0.048845893     0.002617949
1.05067136     0.090222778
0.726492206     0.052210957
1.437921699     0.160939499
1.046021569     0.089573137
0.6246504     0.042703993
1.693651145     0.237058562
1.779702987     0.272039357
0.191406914     0.010838351
1.225536496     0.117599821
1.062759113     0.091928722
1.296867029     0.130707123
0.648364906     0.044834031
1.329399086     0.137133359
0.181636667     0.010245437
0.617052708     0.042031756
0.759840534     0.055539367
0.350368398     0.021173595
0.897407861     0.070561223
0.868074383     0.067170331
0.757519618     0.055304049
0.974534148     0.080022439
0.764210088     0.055983916
0.549593213     0.036269963
1.533379989     0.185496843
1.769168764     0.267414942
1.347629907     0.140868357
1.034509071     0.087980155
1.420886863     0.156938316
1.740255928     0.255236537
0.29937303     0.017709781
0.803112019     0.060031325
1.576799266     0.198030525
0.844794729     0.064554984
1.610464213     0.208427102
1.81214921     0.286961516
1.074342665     0.093587106
0.533342816     0.034935271
0.091296559     0.004972329
1.204349817     0.113945217
1.268236136     0.125290719
1.330778676     0.137412557
1.407251264     0.153810709
1.023551365     0.086484091
0.361417622     0.021943894
0.992101039     0.08229589
0.432403683     0.027070617
1.120631967     0.100454871
0.486079787     0.031164072
1.634454409     0.216231448
0.133603978     0.00739583
0.303736331     0.018000421
0.581398242     0.038941057
1.199287342     0.113087094
1.354334588     0.142267149
1.492094614     0.17440511
1.051632583     0.090357528
1.383306542     0.148473563
0.271885827     0.015902733
1.026117277     0.086832676
1.173007493     0.108723069
0.210203896     0.011992071
1.087829903     0.095547798
1.106775815     0.098357609
1.391933099     0.150374101
0.337705958     0.020299638
0.066026248     0.003561706
0.83120972     0.063058658
0.489054971     0.031396742
0.488280764     0.031336136
0.805053221     0.06023761
1.614757028     0.209798597
0.660313961     0.045925931
1.145919898     0.104377972
1.017005277     0.085599566
0.834324171     0.06339979
0.895180167     0.070299869
0.334009999     0.020046297
0.229455625     0.013191797
1.151276822     0.105225324
0.347689936     0.020987949
0.22920324     0.013175949
1.794761945     0.278834079
1.060986167     0.091676945
1.278853918     0.127274188
1.1234298     0.100882783
0.876530978     0.068136791
0.788518608     0.058493841
1.378856839     0.147502838
0.841379577     0.064176779
0.873926981     0.067838248
1.144044634     0.10408271
0.777085122     0.057305454
1.132757805     0.102320384
1.205972697     0.114221526
0.560560582     0.037182128
0.938705741     0.07552508
1.424001882     0.157662086
1.383203087     0.14845092
1.905924935     0.336823604
1.843306225     0.302337155
0.470589955     0.029962679
0.541731768     0.035621786
1.012183818     0.084952428
1.82218321     0.291795938
1.174876504     0.109028515
0.500525973     0.032299671
1.037269956     0.088360185
0.178555754     0.010059417
1.345878561     0.140505233
1.503268893     0.177332548