0.769497663     1.179459334
0.78365679     1.152427993
0.792194103     1.137620306
1.795982942     1.392855739
1.472184638     1.205744929
0.592855602     1.943254894
0.335771008     8.826710352
1.025006557     1.001190377
0.035426299     1483.686255
1.044907438     1.003694119
0.604311824     1.857460174
0.541149691     2.437928273
1.74451691     1.364274492
0.712615022     1.32527312
0.670316129     1.483800217
0.607026098     1.83819041
0.797021246     1.129715347
1.009046062     1.000160741
0.501280854     2.979610931
1.727343377     1.354610519
0.950636038     1.005392889
1.459725698     1.198374137
1.778672984     1.383308096
0.6319616     1.678320408
0.514627689     2.779072687
0.554506758     2.290917682
0.88746481     1.032159139
0.325461886     9.590980042
1.565054279     1.260706298
0.459265609     3.772490893
0.688171783     1.410645526
0.826626436     1.087978625
0.196456884     34.45906976
0.711621967     1.328439706
0.955207386     1.004397921
1.058366822     1.006082606
0.629449121     1.693113613
0.931105776     1.010949583
0.803773107     1.119201057
0.951827476     1.005122858
1.331159526     1.123778237
0.651054168     1.574528767
1.0091228     1.000163455
1.047903654     1.004179502
0.594610927     1.929626084
1.25355348     1.08182451
1.60701268     1.285355939
0.922329721     1.014182974
1.196185397     1.053798028
0.429699074     4.522972991
1.266030611     1.088308967
0.906531798     1.021261392
0.246199422     19.74860114
1.318640332     1.116782771
0.849763981     1.062514605
1.203559694     1.057210837
0.458716502     3.784779685
0.957473165     1.003945508
1.089772811     1.013572121
0.74792388     1.227184453
1.034278855     1.002196885
0.792069048     1.137829504
1.294315896     1.103413411
1.696768439     1.337257629
0.869064027     1.045398804
1.795168944     1.39240828
0.735818506     1.257806206
1.671981297     1.323058771
1.065227255     1.007499005
0.554222541     2.293891423
0.455267243     3.863282327
1.160431455     1.038226986
1.672359874     1.323276468
1.485005103     1.213337263
1.146918069     1.032818266
0.148328698     66.93616036
1.361649199     1.141082953
0.353292424     7.701580579
1.077748155     1.010408199
0.922291067     1.014198285
1.054671432     1.005374233
1.663767423     1.318329312
1.154803956     1.035939959
1.487398211     1.214755031
0.80406244     1.118764279
0.941441047     1.007738029
0.514197953     2.785204569
1.238572397     1.074204047
0.919231186     1.015440733
1.487829084     1.21501031
1.306180254     1.109895049
0.866212193     1.047710556
0.985520844     1.000431703
0.156852937     58.78982091
0.161882442     54.60932997
0.636958137     1.64971311
1.32702701     1.121461242
1.136565177     1.02887495
1.792740593     1.391072507
0.779237783     1.16052382
1.837962943     1.41572498
0.808720759     1.111884131
0.538579232     2.467996654
1.685043915     1.33055549
0.742217369     1.241254306
0.258943717     17.38029156
0.735554184     1.25850804
1.078870812     1.010688672
1.438708412     1.185967201
1.354432359     1.136956322
1.6254038     1.296093235
1.501747763     1.223257932
1.03554419     1.002356297
1.199826218     1.055475118
1.63866878     1.303807864
0.661662287     1.522947452
1.105680442     1.018270902
0.097994987     170.4494559
1.242996521     1.07643465
0.632713639     1.673946164
1.139744429     1.030066581
0.497556473     3.039481384
1.170370527     1.042381095
0.260203367     17.16697894
0.768604084     1.181274201
1.728005034     1.35498398
0.8610906     1.052046984
1.076702804     1.010149877
1.219034746     1.064568969
0.313290573     10.60907007
0.764765448     1.189223776
1.083831537     1.011965236
0.734057496     1.262509695
0.602058551     1.87375745
0.20170012     32.32923645
1.026117277     1.001295662
0.833879656     1.079372285
1.697375526     1.337603957
0.479615553     3.354464225
1.076818765     1.010178397
0.43123612     4.47907469
0.854678663     1.05782066
1.72003786     1.350481136
1.132797595     1.027485635
0.960466539     1.003388404
0.708091423     1.339895206
1.431613216     1.181789195
0.800712658     1.123889938
1.589944875     1.275352312
1.406239451     1.166907416
0.263952759     16.55209721
1.614431883     1.28969302
0.92944538     1.011524794
0.561291588     2.221813311
1.526871418     1.238141093
0.632011622     1.678028692
1.039456722     1.002881769
0.624143356     1.72528009
0.547350171     2.367805043
0.58362082     2.017996896
1.78086714     1.384522051
0.91624577     1.016711658
0.054393811     605.4378218
1.738430117     1.360856326
1.752611413     1.368807993
1.066963821     1.007877911
0.804929303     1.117462325
1.936393008     1.467691319
0.639393309     1.636152712
0.372500952     6.675463882
1.470395207     1.204685753
0.53640895     2.493853644
1.078406401     1.010572267
1.186308853     1.049328901
1.042450097     1.003316476
0.861249762     1.051908591
1.810293841     1.400697768
0.753295015     1.214514009
0.83815826     1.074569119
0.960351715     1.003408931
1.149235575     1.03372536
1.02990987     1.001686788
0.695295401     1.384104416
1.060485377     1.00650611
1.646972467     1.308623446
1.075464186     1.009847361
0.365717258     7.01595911
0.875781214     1.040235862
1.422797939     1.176607549
0.048845893     759.3604282
1.05067136     1.004651803
0.726492206     1.283470252
1.437921699     1.185503646
1.046021569     1.003871431
0.6246504     1.722150748
1.693651145     1.335478189
1.779702987     1.383878097
0.191406914     36.69232181
1.225536496     1.067734691
1.062759113     1.006974513
1.296867029     1.104800422
0.648364906     1.588268265
1.329399086     1.12279029
0.181636667     41.59899401
0.617052708     1.770306347
0.759840534     1.199794947
0.350368398     7.875660553
0.897407861     1.026138365
0.868074383     1.04619281
0.757519618     1.204925235
0.974534148     1.001365691
0.764210088     1.190394721
0.549593213     2.343250856
1.533379989     1.241993583
1.769168764     1.378037383
1.347629907     1.133083122
1.034509071     1.002225502
1.420886863     1.175485703
1.740255928     1.361882465
0.29937303     11.95414163
0.803112019     1.120203235
1.576799266     1.267624935
0.844794729     1.067505714
1.610464213     1.287374519
1.81214921     1.401711015
1.074342665     1.009576804
0.533342816     2.531133323
0.091296559     199.1369724
1.204349817     1.057580204
1.268236136     1.089467297
1.330778676     1.123564392
1.407251264     1.167498755
1.023551365     1.001058871
0.361417622     7.243745709
0.992101039     1.000126782
0.432403683     4.446119747
1.120631967     1.023175483
0.486079787     3.235662645
1.634454409     1.301359727
0.133603978     85.10544564
0.303736331     11.50954657
0.581398242     2.03677535
1.199287342     1.055225916
1.354334588     1.136900537
1.492094614     1.217537681
1.051632583     1.004821139
1.383306542     1.15356265
0.271885827     15.34352277
1.026117277     1.001295662
1.173007493     1.043506911
0.210203896     29.23439248
1.087829903     1.013037455
1.106775815     1.018614718
1.391933099     1.158568586
0.337705958     8.692265161
0.066026248     401.1898785
0.83120972     1.082471451
0.489054971     3.183046552
0.488280764     3.196616545
0.805053221     1.117277025
1.614757028     1.289882924
0.660313961     1.529278719
1.145919898     1.032430266
1.017005277     1.000559179
0.834324171     1.078863972
0.895180167     1.027421804
0.334009999     8.951452649
0.229455625     23.55422388
1.151276822     1.034531485
0.347689936     8.039696136
0.22920324     23.61873183
1.794761945     1.392184494
1.060986167     1.006608049
1.278853918     1.095091483
1.1234298     1.024142274
0.876530978     1.039683637
0.788518608     1.143863434
1.378856839     1.150987816
0.841379577     1.071082758
0.873926981     1.041622102
1.144044634     1.031705764
0.777085122     1.164577673
1.132757805     1.027471097
1.205972697     1.058341065
0.560560582     2.229087796
0.938705741     1.008527282
1.424001882     1.177314576
1.383203087     1.153502727
1.905924935     1.451858898
1.843306225     1.418606173
0.470589955     3.531215055
0.541731768     2.43120186
1.012183818     1.000289786
1.82218321     1.407176891
1.174876504     1.044310687
0.500525973     2.99160211
1.037269956     1.002582047
0.178555754     43.32904588
1.345878561     1.132088659
1.503268893     1.224159335