70     0.0016
42     0.01679616
67     0.00234256
52     0.00531441
48     0.00707281
57     0.00456976
58     0.00331776
45     0.00923521
57     0.00390625
48     0.00707281
56     0.00707281
50     0.01048576
56     0.0081
63     0.00331776
55     0.00707281
54     0.0081
60     0.00531441
69     0.00279841
54     0.0081
44     0.01679616
57     0.00614656
60     0.00614656
75     0.00194481
56     0.00531441
70     0.00279841
56     0.00707281
60     0.00531441
63     0.00331776
80     0.0016
70     0.00279841
95     0.00083521
61     0.00614656
50     0.01048576
55     0.00707281
57     0.00614656
71     0.00331776
55     0.00707281
52     0.00923521
53     0.0081
46     0.01500625
64     0.00390625
55     0.00707281
52     0.00923521
62     0.00456976
51     0.00923521
60     0.00531441
56     0.00707281
64     0.00390625
50     0.01048576
77     0.00194481
55     0.00707281
65     0.00279841
64     0.00279841
72     0.00234256
50     0.0081
60     0.00279841
57     0.00456976
62     0.00331776
48     0.00923521
62     0.00331776
55     0.00531441
57     0.00456976
50     0.01048576
60     0.00531441
49     0.0081
85     0.00130321
58     0.00331776
83     0.00130321
50     0.00614656
50     0.00614656
46     0.0081
55     0.00390625
51     0.00707281
43     0.01185921
50     0.00614656
60     0.00279841
65     0.00234256
50     0.00614656
50     0.00614656
61     0.00279841
41     0.01874161
68     0.00234256
49     0.00923521
47     0.01048576
68     0.00331776
40     0.0256
51     0.00707281
44     0.01336336
52     0.00707281
70     0.00279841
93     0.00065536
80     0.0016
53     0.00614656
50     0.0081
53     0.00614656
54     0.00614656
75     0.00194481
60     0.00390625
53     0.00614656
46     0.0081
60     0.00390625
47     0.0081
55     0.00531441
55     0.00531441
69     0.00234256
51     0.00707281
55     0.00531441
60     0.00390625
45     0.01679616
75     0.0016
72     0.00194481
57     0.00456976
63     0.00390625
47     0.01048576
67     0.00331776
63     0.00331776
69     0.00234256
49     0.00923521
70     0.00194481
47     0.01048576
75     0.0016
52     0.0081