0.769497663     -0.539593267
0.78365679     -0.591098014
0.792194103     -0.624004931
1.795982942     -37.37154331
1.472184638     -13.83061219
0.592855602     -0.146478753
0.335771008     -0.008535834
1.025006557     -2.262888804
0.035426299     -1.11599E-07
1.044907438     -2.491260252
0.604311824     -0.16118902
0.541149691     -0.092814765
1.74451691     -32.31513044
0.712615022     -0.367540212
0.670316129     -0.270662658
0.607026098     -0.164841596
0.797021246     -0.643249545
1.009046062     -2.092112117
0.501280854     -0.063304646
1.727343377     -30.75554246
0.950636038     -1.552749386
1.459725698     -13.25519937
1.778672984     -35.60496302
0.6319616     -0.201596712
0.514627689     -0.072193108
0.554506758     -0.104848981
0.88746481     -1.100995901
0.325461886     -0.007303494
1.565054279     -18.77919697
0.459265609     -0.040864823
0.688171783     -0.30868413
0.826626436     -0.771927382
0.196456884     -0.000585283
0.711621967     -0.364986436
0.955207386     -1.590443902
1.058366822     -2.655896097
0.629449121     -0.197621027
0.931105776     -1.399668212
0.803773107     -0.670961116
0.951827476     -1.562504158
1.331159526     -8.359504148
0.651054168     -0.233945994
1.0091228     -2.092907764
1.047903654     -2.527183453
0.594610927     -0.148660101
1.25355348     -6.190765163
1.60701268     -21.43514933
0.922329721     -1.334937746
1.196185397     -4.898041685
0.429699074     -0.029298952
1.266030611     -6.505055828
0.906531798     -1.224461704
0.246199422     -0.001809111
1.318640332     -7.973734492
0.849763981     -0.886179275
1.203559694     -5.05089304
0.458716502     -0.040621113
0.957473165     -1.609396491
1.089772811     -3.074042288
0.74792388     -0.468076669
1.034278855     -2.36710883
0.792069048     -0.623512563
1.294315896     -7.264929771
1.696768439     -28.12826097
0.869064027     -0.9914912
1.795168944     -37.28693004
0.735818506     -0.431403364
1.671981297     -26.13286777
1.065227255     -2.743098134
0.554222541     -0.10458055
0.455267243     -0.039116682
1.160431455     -4.208501223
1.672359874     -26.16246674
1.485005103     -14.44340954
1.146918069     -3.96909935
0.148328698     -0.0001436
1.361649199     -9.361731265
0.353292424     -0.011007828
1.077748155     -2.90814754
0.922291067     -1.334658039
1.054671432     -2.609852166
1.663767423     -25.49723448
1.154803956     -4.107440779
1.487398211     -14.5601641
0.80406244     -0.67216961
0.941441047     -1.479093553
0.514197953     -0.07189219
1.238572397     -5.829576165
0.919231186     -1.312664515
1.487829084     -14.58126543
1.306180254     -7.604060544
0.866212193     -0.975329722
0.985520844     -1.859341087
0.156852937     -0.000189886
0.161882442     -0.000222346
0.636958137     -0.209693248
1.32702701     -8.230549062
1.136565177     -3.793164906
1.792740593     -37.03541856
0.779237783     -0.574619032
1.837962943     -41.94824058
0.808720759     -0.691867533
0.538579232     -0.090631258
1.685043915     -27.16977954
0.742217369     -0.450490422
0.258943717     -0.002328396
0.735554184     -0.430629073
1.078870812     -2.923325766
1.438708412     -12.32803646
1.354432359     -9.116257856
1.6254038     -22.69009684
1.501747763     -15.27618693
1.03554419     -2.381623887
1.199826218     -4.9730375
1.63866878     -23.63120641
0.661662287     -0.253636589
1.105680442     -3.305050757
0.097994987     -1.80738E-05
1.242996521     -5.934437512
0.632713639     -0.202799079
1.139744429     -3.846514607
0.497556473     -0.06098765
1.170370527     -4.391843729
0.260203367     -0.002385583
0.768604084     -0.536467522
1.728005034     -30.81449199
0.8610906     -0.946834856
1.076702804     -2.89407123
1.219034746     -5.384066531
0.313290573     -0.006036242
0.764765448     -0.523204279
1.083831537     -2.991154974
0.734057496     -0.426265697
0.602058551     -0.158206252
0.20170012     -0.000667668
1.026117277     -2.275175988
0.833879656     -0.806393259
1.697375526     -28.17861706
0.479615553     -0.05075704
1.076818765     -2.895630025
0.43123612     -0.02982673
0.854678663     -0.912103885
1.72003786     -30.11064283
1.132797595     -3.730710824
0.960466539     -1.634711781
0.708091423     -0.35602186
1.431613216     -12.02703266
0.800712658     -0.658284253
1.589944875     -20.32077801
1.406239451     -10.99832081
0.263952759     -0.002562483
1.614431883     -21.93454472
0.92944538     -1.387232838
0.561291588     -0.11142244
1.526871418     -16.59748646
0.632011622     -0.201676511
1.039456722     -2.426956857
0.624143356     -0.189431307
0.547350171     -0.098255368
0.58362082     -0.135420333
1.78086714     -35.82511542
0.91624577     -1.291486613
0.054393811     -9.52308E-07
1.738430117     -31.7552972
1.752611413     -33.07182591
1.066963821     -2.765530567
0.804929303     -0.675800775
1.936393008     -54.44995494
0.639393309     -0.213732434
0.372500952     -0.014343889
1.470395207     -13.74676117
0.53640895     -0.088819858
1.078406401     -2.917039303
1.186308853     -4.699145071
1.042450097     -2.462103843
0.861249762     -0.947710233
1.810293841     -38.88439668
0.753295015     -0.485127019
0.83815826     -0.82729451
0.960351715     -1.633734864
1.149235575     -4.009362296
1.02990987     -2.317533905
0.695295401     -0.324995075
1.060485377     -2.682584542
1.646972467     -24.23604167
1.075464186     -2.877463069
0.365717258     -0.013084504
0.875781214     -1.030405388
1.422797939     -11.66127757
0.048845893     -5.56122E-07
1.05067136     -2.56073399
0.726492206     -0.404748076
1.437921699     -12.29436728
1.046021569     -2.504570117
0.6246504     -0.190202012
1.693651145     -27.87082318
1.779702987     -35.708174
0.191406914     -0.000513828
1.225536496     -5.529186515
1.062759113     -2.711466131
1.296867029     -7.336809471
0.648364906     -0.229154028
1.329399086     -8.304373519
0.181636667     -0.00039541
0.617052708     -0.178912757
0.759840534     -0.506573285
0.350368398     -0.010559774
0.897407861     -1.16407066
0.868074383     -0.985858754
0.757519618     -0.498883819
0.974534148     -1.75798556
0.764210088     -0.521307325
0.549593213     -0.10028519
1.533379989     -16.95426442
1.769168764     -34.66381119
1.347629907     -8.889620018
1.034509071     -2.36974443
1.420886863     -11.5831716
1.740255928     -31.92240511
0.29937303     -0.004809427
0.803112019     -0.668206387
1.576799266     -19.49449733
0.844794729     -0.860569546
1.610464213     -21.66633174
1.81214921     -39.08406851
1.074342665     -2.862490875
0.533342816     -0.086310224
0.091296559     -1.26853E-05
1.204349817     -5.067494087
1.268236136     -6.561915187
1.330778676     -8.347552553
1.407251264     -11.03794518
1.023551365     -2.24687134
0.361417622     -0.012333224
0.992101039     -1.922248444
0.432403683     -0.030232699
1.120631967     -3.534638718
0.486079787     -0.054270998
1.634454409     -23.32888867
0.133603978     -8.51387E-05
0.303736331     -0.005170276
0.581398242     -0.132861321
1.199287342     -4.961879866
1.354334588     -9.112968002
1.492094614     -14.79148608
1.051632583     -2.572469078
1.383306542     -10.13029634
0.271885827     -0.002971412
1.026117277     -2.275175988
1.173007493     -4.441543576
0.210203896     -0.000820793
1.087829903     -3.046736951
1.106775815     -3.321454428
1.391933099     -10.45013272
0.337705958     -0.008784633
0.066026248     -2.50965E-06
0.83120972     -0.793566016
0.489054971     -0.055952357
0.488280764     -0.055510875
0.805053221     -0.676321129
1.614757028     -21.95664159
0.660313961     -0.251062815
1.145919898     -3.95185771
1.017005277     -2.17593555
0.834324171     -0.808544866
0.895180167     -1.149693972
0.334009999     -0.008314332
0.229455625     -0.001272107
1.151276822     -4.045095716
0.347689936     -0.010162267
0.22920324     -0.001265126
1.794761945     -37.24468092
1.060986167     -2.688924474
1.278853918     -6.841237812
1.1234298     -3.578983485
0.876530978     -1.034823643
0.788518608     -0.609662845
1.378856839     -9.968409795
0.841379577     -0.843315002
0.873926981     -1.019543438
1.144044634     -3.919627878
0.777085122     -0.566725776
1.132757805     -3.730055656
1.205972697     -5.101728859
0.560560582     -0.110698764
0.938705741     -1.457730919
1.424001882     -11.71069883
1.383203087     -10.12650877
1.905924935     -50.29895418
1.843306225     -42.56155085
0.470589955     -0.046157604
0.541731768     -0.093315012
1.012183818     -2.124843482
1.82218321     -40.17817433
1.174876504     -4.477041174
0.500525973     -0.062829425
1.037269956     -2.401535387
0.178555754     -0.000362994
1.345878561     -8.832006324
1.503268893     -15.35371056