0.769497663     -0.541275413
0.78365679     -0.521299258
0.792194103     -0.509951574
1.795982942     -0.143268226
1.472184638     -0.186535036
0.592855602     -1.037045323
0.335771008     3.113858614
1.025006557     -0.319996643
0.035426299     0.548585922
1.044907438     -0.310122024
0.604311824     -0.978895867
0.541149691     -1.416935443
1.74451691     -0.148752313
0.712615022     -0.639764522
0.670316129     -0.73987446
0.607026098     -0.966061776
0.797021246     -0.503751379
1.009046062     -0.328382388
0.501280854     -1.974706888
1.727343377     -0.150676911
0.950636038     -0.363216328
1.459725698     -0.188728083
1.778672984     -0.145067034
0.6319616     -0.862211676
0.514627689     -1.744779134
0.554506758     -1.294441762
0.88746481     -0.410286027
0.325461886     2.683191045
1.565054279     -0.171665822
0.459265609     -3.374638401
0.688171783     -0.694030477
0.826626436     -0.468794203
0.196456884     0.982592799
0.711621967     -0.641803278
0.955207386     -0.360225755
1.058366822     -0.303782015
0.629449121     -0.871652936
0.931105776     -0.37657282
0.803773107     -0.495327689
0.951827476     -0.362432116
1.331159526     -0.214785968
0.651054168     -0.796640827
1.0091228     -0.328341018
1.047903654     -0.308687872
0.594610927     -1.027691523
1.25355348     -0.234314551
1.60701268     -0.165698342
0.922329721     -0.382899904
1.196185397     -0.251197775
0.429699074     -6.734216696
1.266030611     -0.230938719
0.906531798     -0.394841944
0.246199422     1.30038523
1.318640332     -0.217713062
0.849763981     -0.444677672
1.203559694     -0.248892523
0.458716502     -3.40619746
0.957473165     -0.358761663
1.089772811     -0.289950541
0.74792388     -0.574838381
1.034278855     -0.315318725
0.792069048     -0.510114229
1.294315896     -0.223634625
1.696768439     -0.15422954
0.869064027     -0.426381024
1.795168944     -0.143351815
0.735818506     -0.595559793
1.671981297     -0.157235016
1.065227255     -0.300649137
0.554222541     -1.296827291
0.455267243     -3.618780115
1.160431455     -0.263008584
1.672359874     -0.157188233
1.485005103     -0.18433093
1.146918069     -0.267766986
0.148328698     0.79468735
1.361649199     -0.207976048
0.353292424     4.281960597
1.077748155     -0.295094865
0.922291067     -0.382928242
1.054671432     -0.305496758
1.663767423     -0.158256968
1.154803956     -0.264969464
1.487398211     -0.183925261
0.80406244     -0.494973005
0.941441047     -0.369384628
0.514197953     -1.751344877
1.238572397     -0.238500576
0.919231186     -0.385184876
1.487829084     -0.183852411
1.306180254     -0.220706641
0.866212193     -0.428989209
0.985520844     -0.341576226
0.156852937     0.822547464
0.161882442     0.839921263
0.636958137     -0.844030944
1.32702701     -0.215743444
1.136565177     -0.271530621
1.792740593     -0.14360176
0.779237783     -0.527373614
1.837962943     -0.139085643
0.808720759     -0.489331642
0.538579232     -1.443217697
1.685043915     -0.155636704
0.742217369     -0.584423872
0.258943717     1.417873743
0.735554184     -0.596028926
1.078870812     -0.294606863
1.438708412     -0.192546818
1.354432359     -0.209548637
1.6254038     -0.163211506
1.501747763     -0.181529754
1.03554419     -0.314690942
1.199826218     -0.250054319
1.63866878     -0.161463664
0.661662287     -0.764344003
1.105680442     -0.283414401
0.097994987     0.662240663
1.242996521     -0.237248903
0.632713639     -0.859425347
1.139744429     -0.270363645
0.497556473     -2.050094615
1.170370527     -0.259615332
0.260203367     1.430649621
0.768604084     -0.542587586
1.728005034     -0.150601839
0.8610906     -0.433754234
1.076702804     -0.295550719
1.219034746     -0.244189884
0.313290573     2.30655428
0.764765448     -0.548297546
1.083831537     -0.292469693
0.734057496     -0.598699333
0.602058551     -0.989812106
0.20170012     1.00857348
1.026117277     -0.319428975
0.833879656     -0.460957312
1.697375526     -0.154157371
0.479615553     -2.512071982
1.076818765     -0.295500081
0.43123612     -6.402843887
0.854678663     -0.439871092
1.72003786     -0.151510806
1.132797595     -0.27292666
0.960466539     -0.356845567
0.708091423     -0.649157961
1.431613216     -0.193871111
0.800712658     -0.499110762
1.589944875     -0.168075013
1.406239451     -0.198759848
0.263952759     1.470077589
1.614431883     -0.164686058
0.92944538     -0.377753792
0.561291588     -1.239990272
1.526871418     -0.177482539
0.632011622     -0.862025782
1.039456722     -0.312765498
0.624143356     -0.892286096
0.547350171     -1.357310946
0.58362082     -1.089201105
1.78086714     -0.144836526
0.91624577     -0.387412375
0.054393811     0.57869334
1.738430117     -0.149428795
1.752611413     -0.147862127
1.066963821     -0.29986634
0.804929303     -0.493913378
1.936393008     -0.130175026
0.639393309     -0.835445238
0.372500952     7.27297905
1.470395207     -0.186846876
0.53640895     -1.466179455
1.078406401     -0.294808539
1.186308853     -0.25435298
1.042450097     -0.311308226
0.861249762     -0.43360456
1.810293841     -0.141814418
0.753295015     -0.566099128
0.83815826     -0.456456076
0.960351715     -0.35691869
1.149235575     -0.26693874
1.02990987     -0.317505741
0.695295401     -0.677287893
1.060485377     -0.302807612
1.646972467     -0.160388465
1.075464186     -0.296092678
0.365717258     5.833839079
0.875781214     -0.42036128
1.422797939     -0.195542044
0.048845893     0.569550508
1.05067136     -0.307374832
0.726492206     -0.61257205
1.437921699     -0.192692763
1.046021569     -0.309587187
0.6246504     -0.890272174
1.693651145     -0.154601185
1.779702987     -0.144958735
0.191406914     0.95880455
1.225536496     -0.242266697
1.062759113     -0.301768766
1.296867029     -0.222998498
0.648364906     -0.805266747
1.329399086     -0.215192809
0.181636667     0.915904686
0.617052708     -0.921435175
0.759840534     -0.555801754
0.350368398     4.029690599
0.897407861     -0.402084518
0.868074383     -0.427282516
0.757519618     -0.559409862
0.974534148     -0.348108116
0.764210088     -0.549133609
0.549593213     -1.33695905
1.533379989     -0.176463324
1.769168764     -0.146074031
1.347629907     -0.211052858
1.034509071     -0.31520432
1.420886863     -0.195908094
1.740255928     -0.149225231
0.29937303     1.987538728
0.803112019     -0.496140007
1.576799266     -0.169952519
0.844794729     -0.449645616
1.610464213     -0.165225868
1.81214921     -0.141628093
1.074342665     -0.29658512
0.533342816     -1.499893328
0.091296559     0.647870977
1.204349817     -0.248648033
1.268236136     -0.23035208
1.330778676     -0.214873853
1.407251264     -0.198560188
1.023551365     -0.320743424
0.361417622     5.183713663
0.992101039     -0.337780188
0.432403683     -6.172137902
1.120631967     -0.277534177
0.486079787     -2.323425824
1.634454409     -0.162014894
0.133603978     0.750761961
0.303736331     2.077627023
0.581398242     -1.102546518
1.199287342     -0.250222904
1.354334588     -0.209570105
1.492094614     -0.183134316
1.051632583     -0.306921424
1.383306542     -0.203395372
0.271885827     1.561107529
1.026117277     -0.319428975
1.173007493     -0.258729704
0.210203896     1.05376241
1.087829903     -0.290769563
1.106775815     -0.282975161
1.391933099     -0.201626501
0.337705958     3.210579914
0.066026248     0.598849457
0.83120972     -0.463811437
0.489054971     -2.245803887
0.488280764     -2.265499198
0.805053221     -0.493762275
1.614757028     -0.164641978
0.660313961     -0.768303011
1.145919898     -0.268125305
1.017005277     -0.324146336
0.834324171     -0.460485539
0.895180167     -0.403893397
0.334009999     3.030762191
0.229455625     1.172715312
1.151276822     -0.266213457
0.347689936     3.823356056
0.22920324     1.1709824
1.794761945     -0.143393646
1.060986167     -0.302578193
1.278853918     -0.227569106
1.1234298     -0.276460826
0.876530978     -0.419699892
0.788518608     -0.514775859
1.378856839     -0.20431997
0.841379577     -0.453124726
0.873926981     -0.422005938
1.144044634     -0.268801078
0.777085122     -0.530384224
1.132757805     -0.27294148
1.205972697     -0.248147364
0.560560582     -1.245635744
0.938705741     -0.371260198
1.424001882     -0.195312141
1.383203087     -0.203416774
1.905924935     -0.132808745
1.843306225     -0.138570732
0.470589955     -2.833264308
0.541731768     -1.411116243
1.012183818     -0.326699259
1.82218321     -0.140628858
1.174876504     -0.258105645
0.500525973     -1.98953558
1.037269956     -0.31383874
0.178555754     0.903161873
1.345878561     -0.211443634
1.503268893     -0.18127947