0.769497663     1.125014061
0.78365679     1.110865394
0.792194103     1.102686018
1.795982942     2.041554364
1.472184638     1.454232327
0.592855602     1.352343449
0.335771008     1.790530862
1.025006557     1.0015621
0.035426299     2.37739608
1.044907438     1.005029049
0.604311824     1.335232438
0.541149691     1.432730969
1.74451691     1.942042004
0.712615022     1.188675998
0.670316129     1.242359559
0.607026098     1.331218404
0.797021246     1.098181166
1.009046062     1.000204557
0.501280854     1.49786646
1.727343377     1.909225482
0.950636038     1.006073558
1.459725698     1.434133392
1.778672984     2.007898922
0.6319616     1.29509124
0.514627689     1.475781624
0.554506758     1.411496066
0.88746481     1.031174498
0.325461886     1.80969841
1.565054279     1.611344684
0.459265609     1.569066094
0.688171783     1.219091541
0.826626436     1.07251665
0.196456884     2.056309241
0.711621967     1.189877914
0.955207386     1.005003429
1.058366822     1.008480753
0.629449121     1.29866846
0.931105776     1.011796457
0.803773107     1.092027915
0.951827476     1.005784749
1.331159526     1.24432036
0.651054168     1.268391094
1.0091228     1.000208042
1.047903654     1.005720538
0.594610927     1.349704228
1.25355348     1.149542011
1.60701268     1.685918731
0.922329721     1.014969636
1.196185397     1.091990636
0.429699074     1.620560314
1.266030611     1.163555512
0.906531798     1.021607324
0.246199422     1.959866464
1.318640332     1.227867381
0.849763981     1.0549191
1.203559694     1.098718683
0.458716502     1.57001246
0.957473165     1.004511154
1.089772811     1.019948914
0.74792388     1.147916309
1.034278855     1.002933298
0.792069048     1.102803883
1.294315896     1.197125404
1.696768439     1.851332301
0.869064027     1.041979436
1.795168944     2.039967707
0.735818506     1.161447075
1.671981297     1.804936098
1.065227255     1.010580513
0.554222541     1.411944657
0.455267243     1.575966016
1.160431455     1.062398823
1.672359874     1.805640884
1.485005103     1.475177871
1.146918069     1.052579971
0.148328698     2.150981179
1.361649199     1.286060152
0.353292424     1.758167638
1.077748155     1.014999447
0.922291067     1.014984429
1.054671432     1.007444702
1.663767423     1.789674819
1.154803956     1.058216105
1.487398211     1.479116317
0.80406244     1.091768124
0.941441047     1.008536442
0.514197953     1.47648845
1.238572397     1.133394875
0.919231186     1.016178137
1.487829084     1.479826367
1.306180254     1.211912431
0.866212193     1.043789196
0.985520844     1.000523978
0.156852937     2.134123907
0.161882442     2.12419519
0.636958137     1.288020563
1.32702701     1.238843544
1.136565177     1.045586074
1.792740593     2.035236654
0.779237783     1.11520392
1.837962943     2.123890174
0.808720759     1.087629873
0.538579232     1.436852681
1.685043915     1.829323872
0.742217369     1.154235428
0.258943717     1.935412636
0.735554184     1.161747799
1.078870812     1.015432432
1.438708412     1.400830237
1.354432359     1.27597472
1.6254038     1.719200269
1.501747763     1.502915197
1.03554419     1.003153501
1.199826218     1.095286532
1.63866878     1.743413047
0.661662287     1.253938611
1.105680442     1.027541619
0.097994987     2.251236375
1.242996521     1.138084595
0.632713639     1.294023321
1.139744429     1.047684364
0.497556473     1.504076956
1.170370527     1.070107743
0.260203367     1.933001627
0.768604084     1.125930881
1.728005034     1.910485972
0.8610906     1.047128983
1.076702804     1.014601696
1.219034746     1.113499484
0.313290573     1.832443501
0.764765448     1.12990109
1.083831537     1.01741763
0.734057496     1.163454802
0.602058551     1.338576477
0.20170012     2.0460727
1.026117277     1.001703829
0.833879656     1.066761381
1.697375526     1.852474864
0.479615553     1.534275029
1.076818765     1.01464556
0.43123612     1.617857149
0.854678663     1.051471091
1.72003786     1.895329153
1.132797595     1.043156751
0.960466539     1.003899633
0.708091423     1.194174647
1.431613216     1.38976611
0.800712658     1.094795517
1.589944875     1.655347328
1.406239451     1.350982035
0.263952759     1.925831692
1.614431883     1.699303591
0.92944538     1.012368397
0.561291588     1.400830237
1.526871418     1.545304972
0.632011622     1.295020167
1.039456722     1.003884537
0.624143356     1.306269912
0.547350171     1.422834965
0.58362082     1.366330161
1.78086714     2.012154927
0.91624577     1.017385795
0.054393811     2.33898596
1.738430117     1.930387316
1.752611413     1.957580061
1.066963821     1.011148242
0.804929303     1.090991698
1.936393008     2.320379134
0.639393309     1.284595628
0.372500952     1.723013429
1.470395207     1.451329823
0.53640895     1.440341386
1.078406401     1.015252589
1.186308853     1.08330741
1.042450097     1.004494925
0.861249762     1.047023468
1.810293841     2.069512151
0.753295015     1.142066876
0.83815826     1.063467792
0.960351715     1.003922274
1.149235575     1.054208843
1.02990987     1.002234005
0.695295401     1.21005143
1.060485377     1.009104754
1.646972467     1.758654845
1.075464186     1.014137179
0.365717258     1.735388425
0.875781214     1.037859111
1.422797939     1.376150604
0.048845893     2.350206518
1.05067136     1.006398496
0.726492206     1.172191353
1.437921699     1.399598897
1.046021569     1.005281017
0.6246504     1.305540735
1.693651145     1.845470009
1.779702987     2.00989645
0.191406914     2.066183412
1.225536496     1.119970337
1.062759113     1.009798758
1.296867029     1.200270871
0.648364906     1.27209913
1.329399086     1.241981799
0.181636667     2.085327966
0.617052708     1.316526924
0.759840534     1.135069533
0.350368398     1.763549288
0.897407861     1.025975504
0.868074383     1.042603396
0.757519618     1.137534034
0.974534148     1.001619962
0.764210088     1.130479727
0.549593213     1.419271422
1.533379989     1.556428946
1.769168764     1.989498162
1.347629907     1.266583105
1.034509071     1.002972771
1.420886863     1.373218394
1.740255928     1.933880605
0.29937303     1.858599138
0.803112019     1.092622709
1.576799266     1.632019291
0.844794729     1.058509981
1.610464213     1.692138522
1.81214921     2.073145363
1.074342665     1.01372292
0.533342816     1.445283584
0.091296559     2.264665476
1.204349817     1.09945179
1.268236136     1.166084527
1.330778676     1.243813757
1.407251264     1.352504329
1.023551365     1.001385707
0.361417622     1.743254791
0.992101039     1.000155972
0.432403683     1.615805649
1.120631967     1.035741453
0.486079787     1.523341697
1.634454409     1.735702159
0.133603978     2.180185849
0.303736331     1.850382524
0.581398242     1.369721563
1.199287342     1.094795517
1.354334588     1.27583894
1.492094614     1.486871059
1.051632583     1.006642746
1.383306542     1.317049553
0.271885827     1.910693917
1.026117277     1.001703829
1.173007493     1.072221042
0.210203896     2.029504725
1.087829903     1.019102772
1.106775815     1.028107666
1.391933099     1.329683335
0.337705958     1.786943477
0.066026248     2.315498833
0.83120972     1.068854898
0.489054971     1.518329382
0.488280764     1.519632483
0.805053221     1.090880944
1.614757028     1.699891472
0.660313961     1.255759939
1.145919898     1.05188549
1.017005277     1.000722687
0.834324171     1.06641568
0.895180167     1.027100768
0.334009999     1.793798597
0.229455625     1.992157918
1.151276822     1.055662533
0.347689936     1.768485821
0.22920324     1.992646036
1.794761945     2.039174526
1.060986167     1.00925545
1.278853918     1.178472544
1.1234298     1.037388345
0.876530978     1.037411682
0.788518608     1.106174442
1.378856839     1.310596247
0.841379577     1.061038262
0.873926981     1.038976434
1.144044634     1.050592349
0.777085122     1.117342926
1.132757805     1.043131427
1.205972697     1.100964922
0.560560582     1.401975396
0.938705741     1.009348766
1.424001882     1.378001444
1.383203087     1.31689902
1.905924935     2.259092725
1.843306225     2.134438321
0.470589955     1.549637047
0.541731768     1.43179917
1.012183818     1.000371045
1.82218321     2.092827311
1.174876504     1.073735982
0.500525973     1.499123583
1.037269956     1.003466615
0.178555754     2.091375922
1.345878561     1.264183489
1.503268893     1.505456042