0.769497663     2.71106286
0.78365679     1.725789379
0.792194103     2.019452909
1.795982942     10.66375401
1.472184638     7.186656284
0.592855602     -1.123856976
0.335771008     -5.701627631
1.025006557     7.481007735
0.035426299     -30.13487861
1.044907438     3.840248914
0.604311824     -2.450263459
0.541149691     -0.798138343
1.74451691     8.074351404
0.712615022     2.774366097
0.670316129     0.05784454
0.607026098     -1.954523716
0.797021246     1.933477624
1.009046062     3.898678036
0.501280854     -2.106955503
1.727343377     8.155832647
0.950636038     2.727558417
1.459725698     7.695204601
1.778672984     8.18041137
0.6319616     -1.310677655
0.514627689     -2.455244832
0.554506758     -2.637762292
0.88746481     3.933784283
0.325461886     -6.507453297
1.565054279     7.769553633
0.459265609     -5.554593888
0.688171783     -0.012999423
0.826626436     1.565235856
0.196456884     -12.21046785
0.711621967     2.452884482
0.955207386     4.674307522
1.058366822     3.500509887
0.629449121     0.393949406
0.931105776     2.735781716
0.803773107     1.698575721
0.951827476     3.498214541
1.331159526     6.120610602
0.651054168     -0.094090041
1.0091228     6.182806817
1.047903654     4.85195631
0.594610927     -0.230670694
1.25355348     6.949443973
1.60701268     10.59025775
0.922329721     3.746860168
1.196185397     7.077934138
0.429699074     -3.272623364
1.266030611     6.027432651
0.906531798     4.2488749
0.246199422     -11.82169937
1.318640332     8.306600069
0.849763981     1.982552749
1.203559694     6.985556851
0.458716502     -4.57959406
0.957473165     3.371087871
1.089772811     5.217263699
0.74792388     0.557130514
1.034278855     4.216997778
0.792069048     3.951400806
1.294315896     7.165273735
1.696768439     10.59961971
0.869064027     2.578063805
1.795168944     11.61084543
0.735818506     0.705406409
1.671981297     8.799108945
1.065227255     4.589757227
0.554222541     0.092177383
0.455267243     -5.389791259
1.160431455     4.964123746
1.672359874     11.49671164
1.485005103     8.071299991
1.146918069     3.420554559
0.148328698     -14.926976
1.361649199     6.538884147
0.353292424     -5.537693177
1.077748155     4.702938344
0.922291067     2.656349146
1.054671432     4.111503701
1.663767423     8.438307055
1.154803956     5.147146691
1.487398211     8.799801411
0.80406244     1.276284538
0.941441047     4.077671448
0.514197953     -2.408788052
1.238572397     6.673065178
0.919231186     1.727602399
1.487829084     8.07152433
1.306180254     7.959030874
0.866212193     2.744069496
0.985520844     4.590929368
0.156852937     -14.23406228
0.161882442     -15.70792335
0.636958137     -0.923042056
1.32702701     6.437783811
1.136565177     4.378488637
1.792740593     10.04115573
0.779237783     2.11501881
1.837962943     10.34924297
0.808720759     1.900892442
0.538579232     -2.900714972
1.685043915     7.955144255
0.742217369     1.498929579
0.258943717     -8.092201753
0.735554184     0.199415496
1.078870812     5.712518224
1.438708412     6.590886279
1.354432359     6.445829287
1.6254038     10.16631428
1.501747763     8.47275151
1.03554419     5.907644455
1.199826218     6.206548338
1.63866878     9.78290758
0.661662287     -1.129452766
1.105680442     4.191916669
0.097994987     -19.17768748
1.242996521     5.365004042
0.632713639     0.105084072
1.139744429     4.897843635
0.497556473     -3.582795478
1.170370527     6.480463499
0.260203367     -9.841117453
0.768604084     0.374911586
1.728005034     8.809737385
0.8610906     2.915140444
1.076702804     3.755713461
1.219034746     6.387048993
0.313290573     -8.507055287
0.764765448     3.695085254
1.083831537     5.201281435
0.734057496     0.014714966
0.602058551     -1.89599344
0.20170012     -12.60638818
1.026117277     3.601965636
0.833879656     2.211377876
1.697375526     8.914276683
0.479615553     -2.02072421
1.076818765     5.549295318
0.43123612     -4.061810402
0.854678663     2.988482766
1.72003786     10.48941128
1.132797595     4.345400693
0.960466539     4.418626325
0.708091423     -1.020849083
1.431613216     8.696516007
0.800712658     1.726077746
1.589944875     8.69397785
1.406239451     6.773222136
0.263952759     -9.629860575
1.614431883     9.306881208
0.92944538     2.514074586
0.561291588     -2.521292341
1.526871418     9.204423898
0.632011622     -0.450995731
1.039456722     3.242708005
0.624143356     -0.311447242
0.547350171     -2.003981211
0.58362082     -1.156120336
1.78086714     7.754072198
0.91624577     2.91025492
0.054393811     -25.03521467
1.738430117     10.11982078
1.752611413     10.250694
1.066963821     5.447314083
0.804929303     1.178210298
1.936393008     11.32819385
0.639393309     0.060058579
0.372500952     -6.141068102
1.470395207     8.201001972
0.53640895     -0.678146068
1.078406401     4.818035663
1.186308853     4.129406668
1.042450097     5.057900424
0.861249762     3.90632334
1.810293841     7.724819626
0.753295015     0.885539337
0.83815826     1.01889051
0.960351715     3.386272946
1.149235575     5.420617293
1.02990987     4.053449004
0.695295401     -1.067816819
1.060485377     5.723771638
1.646972467     10.98963904
1.075464186     6.068848753
0.365717258     -5.59981424
0.875781214     1.999529153
1.422797939     8.049871962
0.048845893     -24.28384849
1.05067136     4.262313241
0.726492206     0.79642448
1.437921699     6.156041872
1.046021569     3.731402663
0.6246504     -1.028187169
1.693651145     9.710137309
1.779702987     9.24846307
0.191406914     -12.82409986
1.225536496     4.351913059
1.062759113     4.056509939
1.296867029     6.654888364
0.648364906     -0.310638034
1.329399086     6.269791136
0.181636667     -11.60761642
0.617052708     -2.044755342
0.759840534     1.69337155
0.350368398     -5.856313981
0.897407861     3.083432205
0.868074383     3.239559503
0.757519618     1.10998118
0.974534148     3.357178761
0.764210088     2.104974854
0.549593213     0.098774788
1.533379989     9.044645328
1.769168764     8.105205986
1.347629907     6.361582238
1.034509071     5.4898989
1.420886863     8.139911152
1.740255928     9.160807924
0.29937303     -7.626617569
0.803112019     1.667593096
1.576799266     9.259790299
0.844794729     3.793209135
1.610464213     8.539605194
1.81214921     9.853707406
1.074342665     6.081918681
0.533342816     -0.42275433
0.091296559     -20.21265131
1.204349817     5.733108344
1.268236136     6.462399803
1.330778676     6.293488533
1.407251264     6.393590704
1.023551365     3.599620181
0.361417622     -7.715548947
0.992101039     6.517849835
0.432403683     -4.23643216
1.120631967     4.38619931
0.486079787     -3.703436672
1.634454409     9.792080788
0.133603978     -16.17570165
0.303736331     -8.904746405
0.581398242     0.535822067
1.199287342     6.266824577
1.354334588     7.179699453
1.492094614     7.384828397
1.051632583     4.821724739
1.383306542     8.279767205
0.271885827     -8.951262022
1.026117277     3.514301715
1.173007493     3.584589414
0.210203896     -12.63938576
1.087829903     3.974169565
1.106775815     4.902166977
1.391933099     9.49721652
0.337705958     -7.03083616
0.066026248     -23.13061649
0.83120972     3.406266649
0.489054971     -2.847846813
0.488280764     -4.802172266
0.805053221     3.334143673
1.614757028     8.214908153
0.660313961     -1.083240021
1.145919898     5.114824236
1.017005277     3.721610962
0.834324171     1.520239979
0.895180167     2.447458648
0.334009999     -7.791482781
0.229455625     -9.881840726
1.151276822     4.662168709
0.347689936     -7.592152664
0.22920324     -10.18506899
1.794761945     10.31466942
1.060986167     4.53009938
1.278853918     6.646423654
1.1234298     5.053982669
0.876530978     3.762128973
0.788518608     0.923869142
1.378856839     7.430013653
0.841379577     3.031508455
0.873926981     4.411551035
1.144044634     5.037374691
0.777085122     4.684606219
1.132757805     5.593542365
1.205972697     5.5309878
0.560560582     -2.150484743
0.938705741     1.327798569
1.424001882     5.831368745
1.383203087     7.661883939
1.905924935     9.101737123
1.843306225     9.945616824
0.470589955     -3.190691055
0.541731768     -2.122767066
1.012183818     3.954214201
1.82218321     10.40464889
1.174876504     5.866778901
0.500525973     -3.06137248
1.037269956     5.379465363
0.178555754     -13.26094681
1.345878561     7.275346319
1.503268893     8.806691941