0.769497663     16.57210418
0.78365679     16.46270473
0.792194103     16.39769303
1.795982942     11.48668517
1.472184638     12.67951532
0.592855602     18.13682648
0.335771008     21.54795525
1.025006557     14.85180594
0.035426299     35.04180495
1.044907438     14.73643017
0.604311824     18.0219897
0.541149691     18.68435607
1.74451691     11.66113395
0.712615022     17.03288367
0.670316129     17.40003506
0.607026098     17.99510096
0.797021246     16.36124366
1.009046062     14.94596765
0.501280854     19.14353249
1.727343377     11.72049235
0.950636038     15.30374403
1.459725698     12.73050876
1.778672984     11.54479457
0.6319616     17.75355988
0.514627689     18.98586944
0.554506758     18.53805771
0.88746481     15.71631845
0.325461886     21.73505951
1.565054279     12.31247696
0.459265609     19.6687594
0.688171783     17.24230073
0.826626436     16.14241437
0.196456884     24.76387375
0.711621967     17.04125072
0.955207386     15.27496082
1.058366822     14.65963808
0.629449121     17.77746152
0.931105776     15.42829436
0.803773107     16.31062953
0.951827476     15.2962289
1.331159526     13.28369768
0.651054168     17.5749746
1.0091228     14.94551137
1.047903654     14.71925011
0.594610927     18.11908795
1.25355348     13.64410619
1.60701268     12.15373814
0.922329721     15.48511503
1.196185397     13.92517405
0.429699074     20.06802086
1.266030611     13.58468098
0.906531798     15.58877503
0.246199422     23.40968048
1.318640332     13.34039307
0.849763981     15.97677982
1.203559694     13.88829854
0.458716502     19.67593741
0.957473165     15.26074551
1.089772811     14.48418453
0.74792388     16.74272443
1.034278855     14.79777345
0.792069048     16.39864025
1.294315896     13.45210626
1.696768439     11.82764686
0.869064027     15.84203086
1.795168944     11.48940518
0.735818506     16.84063071
1.671981297     11.91594403
1.065227255     14.62087103
0.554222541     18.54113385
0.455267243     19.72122411
1.160431455     14.10724872
1.672359874     11.91458564
1.485005103     12.62749075
1.146918069     14.17752957
0.148328698     26.44994721
1.361649199     13.14782033
0.353292424     21.24275501
1.077748155     14.55075706
0.922291067     15.48536649
1.054671432     14.68062432
1.663767423     11.94549262
1.154803956     14.13641643
1.487398211     12.61782944
0.80406244     16.30847011
0.941441047     15.36206129
0.514197953     18.99088179
1.238572397     13.71624346
0.919231186     15.50530575
1.487829084     12.6160916
1.306180254     13.39735775
0.866212193     15.86175224
0.985520844     15.08751001
0.156852937     26.11467972
0.161882442     25.92530924
0.636958137     17.70630807
1.32702701     13.30235334
1.136565177     14.23193573
1.792740593     11.49752696
0.779237783     16.49663423
1.837962943     11.34805283
0.808720759     16.27380954
0.538579232     18.71292395
1.685043915     11.86925025
0.742217369     16.78867877
0.258943717     23.1068673
0.735554184     16.84278643
1.078870812     14.5445103
1.438708412     12.81752535
1.354432359     13.17970534
1.6254038     12.08546234
1.501747763     12.56022237
1.03554419     14.79043754
1.199826218     13.90693963
1.63866878     12.03669484
0.661662287     17.47799996
1.105680442     14.39723442
0.097994987     28.93703373
1.242996521     13.69484992
0.632713639     17.74642408
1.139744429     14.21517569
0.497556473     19.18827729
1.170370527     14.05607767
0.260203367     23.07775064
0.768604084     16.57907572
1.728005034     11.7181945
0.8610906     15.89733332
1.076702804     14.55657953
1.219034746     13.81164388
0.313290573     21.96374503
0.764765448     16.60911658
1.083831537     14.51698511
0.734057496     16.85500753
0.602058551     18.04440347
0.20170012     24.60583943
1.026117277     14.84530773
0.833879656     16.08999711
1.697375526     11.8255005
0.479615553     19.40862256
1.076818765     14.55593336
0.43123612     20.04659698
0.854678663     15.94217828
1.72003786     11.74592219
1.132797595     14.25185807
0.960466539     15.24201681
0.708091423     17.07109239
1.431613216     12.84718841
0.800712658     16.33351875
1.589944875     12.21780393
1.406239451     12.95448549
0.263952759     22.99191081
1.614431883     12.12610128
0.92944538     15.43900342
0.561291588     18.46508846
1.526871418     12.4606751
0.632011622     17.75308497
1.039456722     14.76781084
0.624143356     17.8282512
0.547350171     18.61599909
0.58362082     18.23102273
1.78086714     11.53739758
0.91624577     15.52482385
0.054393811     32.4690294
1.738430117     11.68210515
1.752611413     11.63335853
1.066963821     14.61109761
0.804929303     16.30200497
1.936393008     11.03503819
0.639393309     17.68341304
0.372500952     20.92509411
1.470395207     12.68681272
0.53640895     18.73715065
1.078406401     14.54709362
1.186308853     13.97491991
1.042450097     14.75055717
0.861249762     15.8962244
1.810293841     11.43906495
0.753295015     16.69979005
0.83815826     16.05929005
0.960351715     15.24273415
1.149235575     14.16541798
1.02990987     14.82317224
0.695295401     17.18051092
1.060485377     14.64763976
1.646972467     12.0063676
1.075464186     14.56348578
0.365717258     21.03536858
0.875781214     15.79583385
1.422797939     12.88424812
0.048845893     33.11450987
1.05067136     14.7034239
0.726492206     16.91716515
1.437921699     12.82080716
1.046021569     14.73003608
0.6246504     17.82337887
1.693651145     11.83868016
1.779702987     11.54132107
0.191406914     24.92012206
1.225536496     13.77972778
1.062759113     14.63478922
1.296867029     13.44029173
0.648364906     17.59980969
1.329399086     13.29163785
0.181636667     25.23448153
0.617052708     17.89680499
0.759840534     16.64788015
0.350368398     21.29262067
0.897407861     15.64946895
0.868074383     15.84886724
0.757519618     16.66623506
0.974534148     15.15477431
0.764210088     16.61347526
0.549593213     18.59146132
1.533379989     12.43515335
1.769168764     11.57694113
1.347629907     13.20991545
1.034509071     14.79643808
1.420886863     12.89231263
1.740255928     11.67580688
0.29937303     22.23638935
0.803112019     16.31556644
1.576799266     12.26761793
0.844794729     16.01196963
1.610464213     12.14086519
1.81214921     11.4329187
1.074342665     14.569746
0.533342816     18.77154528
0.091296559     29.36185309
1.204349817     13.8843609
1.268236136     13.57423761
1.330778676     13.28541455
1.407251264     12.95016994
1.023551365     14.86033014
0.361417622     21.10632685
0.992101039     15.04758194
0.432403683     20.03037405
1.120631967     14.31664331
0.486079787     19.32829499
1.634454409     12.05214568
0.133603978     27.07725146
0.303736331     22.14957172
0.581398242     18.25391589
1.199287342     13.90963501
1.354334588     13.18013847
1.492094614     12.59891452
1.051632583     14.69793721
1.383306542     13.05313993
0.271885827     22.81423833
1.026117277     14.84530773
1.173007493     14.04257425
0.210203896     24.35806372
1.087829903     14.49489122
1.106775815     14.3912933
1.391933099     13.015839
0.337705958     21.51347825
0.066026248     31.30621751
0.83120972     16.10923887
0.489054971     19.29168228
0.488280764     19.30118822
0.805053221     16.30108134
1.614757028     12.12489301
0.660313961     17.49023915
1.145919898     14.18275369
1.017005277     14.89882616
0.834324171     16.08679955
0.895180167     15.66438166
0.334009999     21.5795061
0.229455625     23.83227374
1.151276822     14.15477036
0.347689936     21.33866511
0.22920324     23.83887695
1.794761945     11.49076565
1.060986167     14.64480707
1.278853918     13.5242142
1.1234298     14.30168204
0.876530978     15.79069939
0.788518608     16.42559564
1.378856839     13.07247133
0.841379577     16.03627428
0.873926981     15.80855072
1.144044634     14.19258055
0.777085122     16.51323229
1.132757805     14.25206883
1.205972697     13.87628125
0.560560582     18.47290774
0.938705741     15.37951934
1.424001882     12.87917319
1.383203087     13.05358868
1.905924935     11.13019547
1.843306225     11.33063508
0.470589955     19.52260889
0.541731768     18.67790576
1.012183818     14.92733884
1.82218321     11.39978791
1.174876504     14.03302177
0.500525973     19.15257472
1.037269956     14.78044668
0.178555754     25.33712628
1.345878561     13.21771797
1.503268893     12.55414801