0.769497663     3.431854041
0.78365679     3.13422226
0.792194103     2.791985465
1.795982942     1.759325508
1.472184638     1.670121323
0.592855602     6.177260215
0.335771008     -13.84752947
1.025006557     2.4114315
0.035426299     -2.044550558
1.044907438     2.08991184
0.604311824     5.800508519
0.541149691     7.78767084
1.74451691     1.09682067
0.712615022     3.34735671
0.670316129     4.531656563
0.607026098     5.671014449
0.797021246     3.174831226
1.009046062     2.23292697
0.501280854     11.07384782
1.727343377     1.127781884
0.950636038     2.286595341
1.459725698     1.633725499
1.778672984     1.173892011
0.6319616     5.023644877
0.514627689     9.424425288
0.554506758     6.988681328
0.88746481     2.304206925
0.325461886     -12.66920622
1.565054279     1.39623726
0.459265609     19.21573337
0.688171783     4.017206828
0.826626436     2.48905207
0.196456884     -4.476715283
0.711621967     3.755428043
0.955207386     2.540414994
1.058366822     2.251078803
0.629449121     5.091486244
0.931105776     2.165751596
0.803773107     2.665298631
0.951827476     2.27390974
1.331159526     1.699527129
0.651054168     4.587689881
1.0091228     2.392949
1.047903654     2.01701208
0.594610927     6.05807744
1.25355348     1.89825294
1.60701268     1.375338275
0.922329721     2.262015663
1.196185397     1.877666787
0.429699074     41.46716669
1.266030611     1.941393134
0.906531798     2.41540552
0.246199422     -6.111951317
1.318640332     2.269097799
0.849763981     2.793601007
1.203559694     1.952979908
0.458716502     19.43597546
0.957473165     2.501103056
1.089772811     1.861226374
0.74792388     3.304874484
1.034278855     2.246693198
0.792069048     3.001419168
1.294315896     1.717123379
1.696768439     1.409886384
0.869064027     2.531649301
1.795168944     1.212290146
0.735818506     3.304847268
1.671981297     1.600336167
1.065227255     1.996710029
0.554222541     7.376498456
0.455267243     20.79720566
1.160431455     2.166445219
1.672359874     1.311973507
1.485005103     1.647426777
1.146918069     1.898014359
0.148328698     -3.721705425
1.361649199     1.754295522
0.353292424     -18.59556274
1.077748155     2.224850486
0.922291067     2.742683253
1.054671432     2.11887742
1.663767423     1.270822608
1.154803956     1.942365661
1.487398211     1.520181633
0.80406244     3.080887275
0.941441047     2.544180326
0.514197953     9.420885866
1.238572397     1.670762773
0.919231186     2.323630245
1.487829084     1.495253718
1.306180254     1.500985517
0.866212193     2.444318465
0.985520844     1.898975695
0.156852937     -3.747945655
0.161882442     -3.590031503
0.636958137     4.943782158
1.32702701     1.645139558
1.136565177     1.812243046
1.792740593     1.181089781
0.779237783     3.227659169
1.837962943     1.472887099
0.808720759     2.645121442
0.538579232     7.783110084
1.685043915     1.450848999
0.742217369     3.580157608
0.258943717     -6.173371654
0.735554184     3.488778539
1.078870812     1.905101251
1.438708412     1.677836869
1.354432359     1.666284029
1.6254038     1.483257046
1.501747763     1.89791992
1.03554419     2.008435111
1.199826218     1.676586523
1.63866878     1.735951498
0.661662287     4.203998492
1.105680442     1.87233704
0.097994987     -2.154643139
1.242996521     2.140218812
0.632713639     4.868739154
1.139744429     1.935164949
0.497556473     11.07529712
1.170370527     1.955424336
0.260203367     -6.304993688
0.768604084     3.186280829
1.728005034     1.529713094
0.8610906     2.699757349
1.076702804     2.322766565
1.219034746     1.948878648
0.313290573     -10.4623361
0.764765448     3.525472765
1.083831537     1.691182502
0.734057496     3.688726251
0.602058551     5.985739981
0.20170012     -4.237257243
1.026117277     2.219995193
0.833879656     2.732766695
1.697375526     1.508728818
0.479615553     13.94863995
1.076818765     1.986147303
0.43123612     39.37752177
0.854678663     2.759895073
1.72003786     1.192320975
1.132797595     1.920568461
0.960466539     2.394883828
0.708091423     3.871466851
1.431613216     1.463257576
0.800712658     2.892630306
1.589944875     1.293510194
1.406239451     1.781280916
0.263952759     -6.770289184
1.614431883     1.339410463
0.92944538     2.081112493
0.561291588     7.282129164
1.526871418     1.646208062
0.632011622     5.158554726
1.039456722     1.909891448
0.624143356     5.188249641
0.547350171     7.905925347
0.58362082     6.533898736
1.78086714     1.06710557
0.91624577     2.611960529
0.054393811     -2.634233302
1.738430117     1.262239328
1.752611413     1.373370056
1.066963821     2.163042271
0.804929303     3.316845477
1.936393008     1.189601809
0.639393309     5.179435917
0.372500952     -29.98398361
1.470395207     1.840049888
0.53640895     8.277786391
1.078406401     2.277222098
1.186308853     1.799756629
1.042450097     2.286869496
0.861249762     2.898898024
1.810293841     1.371978936
0.753295015     3.390230362
0.83815826     2.846585779
0.960351715     2.372538536
1.149235575     1.675227507
1.02990987     2.101240948
0.695295401     4.001940512
1.060485377     2.193072405
1.646972467     1.216823425
1.075464186     1.691060861
0.365717258     -24.9290466
0.875781214     2.584867668
1.422797939     1.700477084
0.048845893     -2.424625827
1.05067136     2.33415865
0.726492206     3.937353155
1.437921699     1.558642546
1.046021569     2.081961761
0.6246504     5.060332219
1.693651145     1.115012186
1.779702987     1.227168822
0.191406914     -4.288237072
1.225536496     1.640997028
1.062759113     2.090512575
1.296867029     1.915465121
0.648364906     4.608058289
1.329399086     1.752702115
0.181636667     -4.047031242
0.617052708     5.25907036
0.759840534     3.26966222
0.350368398     -17.59140085
0.897407861     2.647226276
0.868074383     2.672059781
0.757519618     3.410346065
0.974534148     2.410308277
0.764210088     3.497995333
0.549593213     7.362782458
1.533379989     1.662937462
1.769168764     1.62219273
1.347629907     1.598255903
1.034509071     2.166078547
1.420886863     1.697291272
1.740255928     1.354161821
0.29937303     -8.912083369
0.803112019     2.730424971
1.576799266     1.313726351
0.844794729     3.002208878
1.610464213     1.170736759
1.81214921     1.228307535
1.074342665     2.328352991
0.533342816     8.534487611
0.091296559     -2.461305691
1.204349817     1.894610433
1.268236136     1.30591252
1.330778676     1.660624562
1.407251264     1.42952573
1.023551365     1.916965597
0.361417622     -22.49955545
0.992101039     2.401201388
0.432403683     37.40686161
1.120631967     1.865577602
0.486079787     12.82804982
1.634454409     1.563763758
0.133603978     -2.80664074
0.303736331     -9.3411907
0.581398242     5.961606848
1.199287342     1.844464241
1.354334588     1.587174649
1.492094614     1.736426448
1.051632583     1.994985116
1.383306542     1.940900563
0.271885827     -6.937176802
1.026117277     2.446156284
1.173007493     1.520601461
0.210203896     -4.719296174
1.087829903     2.12857824
1.106775815     2.044413336
1.391933099     1.209183616
0.337705958     -14.33393038
0.066026248     -2.737396508
0.83120972     3.171911155
0.489054971     12.24914448
0.488280764     12.61993778
0.805053221     2.611479294
1.614757028     1.82813513
0.660313961     3.927875633
1.145919898     1.857471852
1.017005277     2.305339988
0.834324171     2.486091902
0.895180167     2.509372731
0.334009999     -13.36528473
0.229455625     -5.125798201
1.151276822     1.978141714
0.347689936     -16.82111509
0.22920324     -5.326856631
1.794761945     0.989756646
1.060986167     1.942168322
1.278853918     1.906862924
1.1234298     1.572338313
0.876530978     2.673935619
0.788518608     3.10519751
1.378856839     1.263220712
0.841379577     2.704875846
0.873926981     2.809994735
1.144044634     1.752641896
0.777085122     3.192374947
1.132757805     1.873938808
1.205972697     2.005719629
0.560560582     7.039712822
0.938705741     2.2891406
1.424001882     1.864920373
1.383203087     1.774958192
1.905924935     1.567584254
1.843306225     1.359845233
0.470589955     15.79460208
0.541731768     7.873589795
1.012183818     2.081227191
1.82218321     1.32313833
1.174876504     1.835059288
0.500525973     11.08489137
1.037269956     1.912349935
0.178555754     -4.227221021
1.345878561     1.677394429
1.503268893     1.382644041