0.769497663     -1.63863816
0.78365679     -1.587801452
0.792194103     -1.558968726
1.795982942     -0.66573141
1.472184638     -0.762352699
0.592855602     -2.926028368
0.335771008     6.927112108
1.025006557     -1.082699088
0.035426299     1.116592835
1.044907438     -1.058394955
0.604311824     -2.772779487
0.541149691     -3.94066883
1.74451691     -0.677593143
0.712615022     -1.890647411
0.670316129     -2.148876356
0.607026098     -2.739031433
0.797021246     -1.543229405
1.009046062     -1.103387111
0.501280854     -5.472340694
1.727343377     -0.681787831
0.950636038     -1.189747271
1.459725698     -0.767400789
1.778672984     -0.669606796
0.6319616     -2.466969005
0.514627689     -4.834871637
0.554506758     -3.610974713
0.88746481     -1.307351025
0.325461886     6.003081395
1.565054279     -0.728454144
0.459265609     -9.545835351
0.688171783     -2.030381381
0.826626436     -1.45469025
0.196456884     2.150952705
0.711621967     -1.89588641
0.955207386     -1.182308472
1.058366822     -1.042824952
0.629449121     -2.491627052
0.931105776     -1.223021656
0.803773107     -1.521862414
0.951827476     -1.187796192
1.331159526     -0.828165794
0.651054168     -2.296143914
1.0091228     -1.103284945
1.047903654     -1.054870489
0.594610927     -2.901339519
1.25355348     -0.874481739
1.60701268     -0.715029808
0.922329721     -1.238812057
1.196185397     -0.914943241
0.429699074     -20.88320846
1.266030611     -0.866435277
0.906531798     -1.268662097
0.246199422     2.896041461
1.318640332     -0.835070484
0.849763981     -1.39382043
1.203559694     -0.909398349
0.458716502     -9.641644284
0.957473165     -1.178668249
1.089772811     -1.008958198
0.74792388     -1.724271067
1.034278855     -1.071177528
0.792069048     -1.559381768
1.294315896     -0.849080889
1.696768439     -0.689571708
0.869064027     -1.347766258
1.795168944     -0.665911153
0.735818506     -1.777270424
1.671981297     -0.696196241
1.065227255     -1.035141574
0.554222541     -3.617372525
0.455267243     -10.29180525
1.160431455     -0.943443278
1.672359874     -0.696092855
1.485005103     -0.757290944
1.146918069     -0.954966075
0.148328698     1.705195425
1.361649199     -0.81215868
0.353292424     9.335732833
1.077748155     -1.021537391
0.922291067     -1.238882819
1.054671432     -1.047033316
1.663767423     -0.698456681
1.154803956     -0.948188986
1.487398211     -0.756360637
0.80406244     -1.520963172
0.941441047     -1.205103831
0.514197953     -4.852956185
1.238572397     -0.884480572
0.919231186     -1.244518886
1.487829084     -0.756193617
1.306180254     -0.842146405
0.866212193     -1.354324273
0.985520844     -1.136020664
0.156852937     1.771512795
0.161882442     1.812830475
0.636958137     -2.419529193
1.32702701     -0.830422811
1.136565177     -0.964095444
1.792740593     -0.666448817
0.779237783     -1.603249204
1.837962943     -0.656781591
0.808720759     -1.506665185
0.538579232     -4.011720203
1.685043915     -0.692668934
0.742217369     -1.748775922
0.258943717     3.168573888
0.735554184     -1.778471445
1.078870812     -1.020343224
1.438708412     -0.776217869
1.354432359     -0.815847859
1.6254038     -0.7094697
1.501747763     -0.750875652
1.03554419     -1.069632393
1.199826218     -0.912192093
1.63866878     -0.705574556
0.661662287     -2.212285025
1.105680442     -0.993006027
0.097994987     1.388965385
1.242996521     -0.88148839
0.632713639     -2.459694795
1.139744429     -0.961263306
0.497556473     -5.683227297
1.170370527     -0.935240129
0.260203367     3.198113002
0.768604084     -1.641980963
1.728005034     -0.681623912
0.8610906     -1.366311539
1.076702804     -1.022653054
1.219034746     -0.898106116
0.313290573     5.178331755
0.764765448     -1.656532186
1.083831537     -1.015115607
0.734057496     -1.78530884
0.602058551     -2.801505943
0.20170012     2.212291563
1.026117277     -1.081300197
0.833879656     -1.434890126
1.697375526     -0.689413072
0.479615553     -6.996137196
1.076818765     -1.022529115
0.43123612     -19.65271785
0.854678663     -1.381710933
1.72003786     -0.683610222
1.132797595     -0.967485155
0.960466539     -1.173905783
0.708091423     -1.914792877
1.431613216     -0.779283241
0.800712658     -1.531455907
1.589944875     -0.720362777
1.406239451     -0.790632193
0.263952759     3.289154928
1.614431883     -0.712764007
0.92944538     -1.225967655
0.561291588     -3.46518741
1.526871418     -0.741643091
0.632011622     -2.466483653
1.039456722     -1.064894994
0.624143356     -2.545568608
0.547350171     -3.779889022
0.58362082     -3.063952879
1.78086714     -0.669109332
0.91624577     -1.250084311
0.054393811     1.188810141
1.738430117     -0.679065723
1.752611413     -0.675658428
1.066963821     -1.033222874
0.804929303     -1.51827688
1.936393008     -0.638027596
0.639393309     -2.397146096
0.372500952     14.91936378
1.470395207     -0.763069805
0.53640895     -4.073885243
1.078406401     -1.020836715
1.186308853     -0.92254224
1.042450097     -1.061311128
0.861249762     -1.365934889
1.810293841     -0.662610679
0.753295015     -1.701947986
0.83815826     -1.423526175
0.960351715     -1.174087497
1.149235575     -0.952958827
1.02990987     -1.076562333
0.695295401     -1.987206871
1.060485377     -1.040434476
1.646972467     -0.703183789
1.075464186     -1.023979657
0.365717258     12.33095282
0.875781214     -1.332639411
1.422797939     -0.783156486
0.048845893     1.166883424
1.05067136     -1.051644894
0.726492206     -1.820854129
1.437921699     -0.7765555
1.046021569     -1.057080414
0.6246504     -2.540300379
1.693651145     -0.690388953
1.779702987     -0.669373043
0.191406914     2.094725696
1.225536496     -0.893495696
1.062759113     -1.037886653
1.296867029     -0.847573198
0.648364906     -2.318572871
1.329399086     -0.829124635
0.181636667     1.993172146
0.617052708     -2.62189702
0.759840534     -1.675667878
0.350368398     8.827247588
0.897407861     -1.286793836
0.868074383     -1.350032698
0.757519618     -1.684873337
0.974534148     -1.152212225
0.764210088     -1.658663469
0.549593213     -3.725139278
1.533379989     -0.739325094
1.769168764     -0.671782922
1.347629907     -0.819380807
1.034509071     -1.070895928
1.420886863     -0.784005801
1.740255928     -0.67862239
0.29937303     4.467306903
0.803112019     -1.523922038
1.576799266     -0.724588471
0.844794729     -1.406344414
1.610464213     -0.71397184
1.81214921     -0.662211468
1.074342665     -1.025185242
0.533342816     -4.165312414
0.091296559     1.354571273
1.204349817     -0.908810626
1.268236136     -0.865038601
1.330778676     -0.828372897
1.407251264     -0.790167706
1.023551365     -1.084539674
0.361417622     11.10322086
0.992101039     -1.126621485
0.432403683     -18.81186671
1.120631967     -0.9786852
0.486079787     -6.455702954
1.634454409     -0.706801841
0.133603978     1.600487905
0.303736331     4.669268053
0.581398242     -3.099315591
1.199287342     -0.912597616
1.354334588     -0.815898253
1.492094614     -0.754547987
1.051632583     -1.050531333
1.383306542     -0.801438881
0.271885827     3.498659604
1.026117277     -1.081300197
1.173007493     -0.933101086
0.210203896     2.318803136
1.087829903     -1.010959534
1.106775815     -0.991935273
1.391933099     -0.797310097
0.337705958     7.131900287
0.066026248     1.237135524
0.83120972     -1.442098983
0.489054971     -6.23506906
0.488280764     -6.290956024
0.805053221     -1.517893839
1.614757028     -0.71266542
0.660313961     -2.222554452
1.145919898     -0.955834662
1.017005277     -1.092931199
0.834324171     -1.433698779
0.895180167     -1.291325587
0.334009999     6.750377316
0.229455625     2.598085972
1.151276822     -0.951201658
0.347689936     8.406643609
0.22920324     2.594028864
1.794761945     -0.666001116
1.060986167     -1.039871747
1.278853918     -0.858419506
1.1234298     -0.976074378
0.876530978     -1.330978219
0.788518608     -1.571222363
1.378856839     -0.803599442
0.841379577     -1.415119842
0.873926981     -1.336770941
1.144044634     -0.957473114
0.777085122     -1.610909011
1.132757805     -0.96752115
1.205972697     -0.907607297
0.560560582     -3.480280427
0.938705741     -1.209776751
1.424001882     -0.782623208
1.383203087     -0.801488873
1.905924935     -0.643523488
1.843306225     -0.655685947
0.470589955     -7.93027458
0.541731768     -3.924952133
1.012183818     -1.099231325
1.82218321     -0.660073501
1.174876504     -0.931594298
0.500525973     -5.513748311
1.037269956     -1.067535318
0.178555754     1.962969538
1.345878561     -0.820299274
1.503268893     -0.750303434