4.248495242     0.0016
3.737669618     0.01679616
4.204692619     0.00234256
3.951243719     0.00531441
3.871201011     0.00707281
4.043051268     0.00456976
4.060443011     0.00331776
3.80666249     0.00923521
4.043051268     0.00390625
3.871201011     0.00707281
4.025351691     0.00707281
3.912023005     0.01048576
4.025351691     0.0081
4.143134726     0.00331776
4.007333185     0.00707281
3.988984047     0.0081
4.094344562     0.00531441
4.234106505     0.00279841
3.988984047     0.0081
3.784189634     0.01679616
4.043051268     0.00614656
4.094344562     0.00614656
4.317488114     0.00194481
4.025351691     0.00531441
4.248495242     0.00279841
4.025351691     0.00707281
4.094344562     0.00531441
4.143134726     0.00331776
4.382026635     0.0016
4.248495242     0.00279841
4.553876892     0.00083521
4.110873864     0.00614656
3.912023005     0.01048576
4.007333185     0.00707281
4.043051268     0.00614656
4.262679877     0.00331776
4.007333185     0.00707281
3.951243719     0.00923521
3.970291914     0.0081
3.828641396     0.01500625
4.158883083     0.00390625
4.007333185     0.00707281
3.951243719     0.00923521
4.127134385     0.00456976
3.931825633     0.00923521
4.094344562     0.00531441
4.025351691     0.00707281
4.158883083     0.00390625
3.912023005     0.01048576
4.343805422     0.00194481
4.007333185     0.00707281
4.17438727     0.00279841
4.158883083     0.00279841
4.276666119     0.00234256
3.912023005     0.0081
4.094344562     0.00279841
4.043051268     0.00456976
4.127134385     0.00331776
3.871201011     0.00923521
4.127134385     0.00331776
4.007333185     0.00531441
4.043051268     0.00456976
3.912023005     0.01048576
4.094344562     0.00531441
3.891820298     0.0081
4.442651256     0.00130321
4.060443011     0.00331776
4.418840608     0.00130321
3.912023005     0.00614656
3.912023005     0.00614656
3.828641396     0.0081
4.007333185     0.00390625
3.931825633     0.00707281
3.761200116     0.01185921
3.912023005     0.00614656
4.094344562     0.00279841
4.17438727     0.00234256
3.912023005     0.00614656
3.912023005     0.00614656
4.110873864     0.00279841
3.713572067     0.01874161
4.219507705     0.00234256
3.891820298     0.00923521
3.850147602     0.01048576
4.219507705     0.00331776
3.688879454     0.0256
3.931825633     0.00707281
3.784189634     0.01336336
3.951243719     0.00707281
4.248495242     0.00279841
4.532599493     0.00065536
4.382026635     0.0016
3.970291914     0.00614656
3.912023005     0.0081
3.970291914     0.00614656
3.988984047     0.00614656
4.317488114     0.00194481
4.094344562     0.00390625
3.970291914     0.00614656
3.828641396     0.0081
4.094344562     0.00390625
3.850147602     0.0081
4.007333185     0.00531441
4.007333185     0.00531441
4.234106505     0.00234256
3.931825633     0.00707281
4.007333185     0.00531441
4.094344562     0.00390625
3.80666249     0.01679616
4.317488114     0.0016
4.276666119     0.00194481
4.043051268     0.00456976
4.143134726     0.00390625
3.850147602     0.01048576
4.204692619     0.00331776
4.143134726     0.00331776
4.234106505     0.00234256
3.891820298     0.00923521
4.248495242     0.00194481
3.850147602     0.01048576
4.317488114     0.0016
3.951243719     0.0081