0.769497663     1.931369335
0.78365679     1.877443474
0.792194103     1.845658956
1.795982942     0.247897157
1.472184638     0.473717229
0.592855602     2.74975928
0.335771008     4.598281107
1.025006557     1.158598938
0.035426299     8.384392814
1.044907438     1.113390319
0.604311824     2.687471878
0.541149691     3.049340066
1.74451691     0.274773202
0.712615022     2.164078278
0.670316129     2.355121502
0.607026098     2.672922335
0.797021246     1.827926173
1.009046062     1.196179172
0.501280854     3.302444228
1.727343377     0.284374805
0.950636038     1.344406298
1.459725698     0.485669553
1.778672984     0.256629623
0.6319616     2.542890376
0.514627689     3.215456053
0.554506758     2.968958035
0.88746481     1.525458403
0.325461886     4.694073733
1.565054279     0.393417464
0.459265609     3.591943279
0.688171783     2.272501055
0.826626436     1.722835888
0.196456884     6.075782633
0.711621967     2.168380647
0.955207386     1.332170818
1.058366822     1.08381902
0.629449121     2.555700451
0.931105776     1.397958594
0.803773107     1.80340828
0.951827476     1.341206558
1.331159526     0.628075765
0.651054168     2.447620288
1.0091228     1.195995601
1.047903654     1.106738353
0.594610927     2.740122763
1.25355348     0.733533227
1.60701268     0.361750409
0.922329721     1.422712322
1.196185397     0.822714355
0.429699074     3.810751559
1.266030611     0.71545495
0.906531798     1.468381805
0.246199422     5.500427043
1.318640332     0.6440003
0.849763981     1.644928002
1.203559694     0.810669515
0.458716502     3.595890168
0.957473165     1.326147666
1.089772811     1.017836153
0.74792388     2.016527187
1.034278855     1.137311186
0.792069048     1.846120631
1.294315896     0.67610478
1.696768439     0.302306976
0.869064027     1.582643457
1.795168944     0.248301062
0.735818506     2.065944621
1.671981297     0.31767132
1.065227255     1.06904964
0.554222541     2.970646172
0.455267243     3.620782242
1.160431455     0.883699388
1.672359874     0.317430885
1.485005103     0.461725081
1.146918069     0.907908605
0.148328698     6.689687632
1.361649199     0.590920481
0.353292424     4.439934967
1.077748155     1.042611129
0.922291067     1.422822313
1.054671432     1.091858962
1.663767423     0.322933045
1.154803956     0.893701605
1.487398211     0.459520445
0.80406244     1.802365011
0.941441047     1.369358639
0.514197953     3.218220836
1.238572397     0.755844043
0.919231186     1.431556345
1.487829084     0.459124625
1.306180254     0.660250526
0.866212193     1.591696122
0.985520844     1.253804952
0.156852937     6.57660532
0.161882442     6.510782791
0.636958137     2.517605631
1.32702701     0.633288343
1.136565177     0.926903538
1.792740593     0.249509919
0.779237783     1.894109887
1.837962943     0.227933512
0.808720759     1.785651008
0.538579232     3.065056838
1.685043915     0.309479553
0.742217369     2.03967369
0.258943717     5.362000555
0.735554184     2.067037059
1.078870812     1.040272766
1.438708412     0.506519606
1.354432359     0.599511489
1.6254038     0.348686158
1.501747763     0.446520062
1.03554419     1.134436665
1.199826218     0.816745402
1.63866878     0.339557159
0.661662287     2.39623799
1.105680442     0.985963142
0.097994987     7.398184286
1.242996521     0.749185648
0.632713639     2.539068545
1.139744429     0.921028517
0.497556473     3.327135193
1.170370527     0.866306526
0.260203367     5.348509069
0.768604084     1.934824083
1.728005034     0.283998736
0.8610906     1.60808395
1.076702804     1.044793198
1.219034746     0.785963508
0.313290573     4.809741937
0.764765448     1.94973542
1.083831537     1.030002782
0.734057496     2.073233748
0.602058551     2.699610424
0.20170012     6.012402008
1.026117277     1.156028037
0.833879656     1.698024073
1.697375526     0.301940146
0.479615553     3.448686629
1.076818765     1.044550916
0.43123612     3.799054946
0.854678663     1.628838609
1.72003786     0.288560317
1.132797595     0.933914289
0.960466539     1.318232072
0.708091423     2.183745958
1.431613216     0.513758558
0.800712658     1.81448061
1.589944875     0.374312162
1.406239451     0.540503414
0.263952759     5.308551757
1.614431883     0.356422238
0.92944538     1.40260864
0.561291588     2.928942397
1.526871418     0.424637991
0.632011622     2.542635988
1.039456722     1.125594267
0.624143356     2.582964745
0.547350171     3.011758825
0.58362082     2.801018041
1.78086714     0.255505919
0.91624577     1.440129496
0.054393811     8.072287952
1.738430117     0.27813862
1.752611413     0.27036071
1.066963821     1.06534313
0.804929303     1.799242911
1.936393008     0.187203047
0.639393309     2.505373836
0.372500952     4.272600564
1.470395207     0.475415635
0.53640895     3.078389829
1.078406401     1.041239443
1.186308853     0.839127071
1.042450097     1.118875746
0.861249762     1.60757214
1.810293841     0.240902473
0.753295015     1.994981042
0.83815826     1.683555721
0.960351715     1.318534836
1.149235575     0.903710175
1.02990987     1.147292521
0.695295401     2.240353745
1.060485377     1.079236475
1.646972467     0.333964574
1.075464186     1.047384606
0.365717258     4.330963616
0.875781214     1.561523816
1.422797939     0.522896725
0.048845893     8.162355498
1.05067136     1.100629025
0.726492206     2.104841496
1.437921699     0.507317205
1.046021569     1.110912155
0.6246504     2.58034672
1.693651145     0.304197623
1.779702987     0.256101508
0.191406914     6.13745861
1.225536496     0.775809394
1.062759113     1.074339819
1.296867029     0.672663899
0.648364906     2.460820339
1.329399086     0.630291042
0.181636667     6.258566989
0.617052708     2.619855494
0.759840534     1.969034871
0.350368398     4.465976008
0.897407861     1.495422619
0.868074383     1.585779067
0.757519618     1.978196046
0.974534148     1.281660216
0.764210088     1.951902233
0.549593213     2.998278082
1.533379989     0.419146239
1.769168764     0.261554409
1.347629907     0.60772352
1.034509071     1.136787652
1.420886863     0.52489914
1.740255928     0.277124815
0.29937303     4.945502201
0.803112019     1.80579428
1.576799266     0.384283793
0.844794729     1.661357633
1.610464213     0.359261821
1.81214921     0.240010203
1.074342665     1.04973657
0.533342816     3.097325339
0.091296559     7.497963567
1.204349817     0.80938947
1.268236136     0.712305993
1.330778676     0.628554353
1.407251264     0.539410744
1.023551365     1.161975818
0.361417622     4.368367342
0.992101039     1.237412492
0.432403683     3.790194024
1.120631967     0.956916296
0.486079787     3.404387372
1.634454409     0.342431295
0.133603978     6.889624755
0.303736331     4.902532534
0.581398242     2.813496718
1.199287342     0.817626125
1.354334588     0.59962873
1.492094614     0.455224466
1.051632583     1.098515158
1.383306542     0.565871359
0.271885827     5.224990206
1.026117277     1.156028037
1.173007493     0.861749711
0.210203896     5.911010424
1.087829903     1.021798971
1.106775815     0.983805511
1.391933099     0.556192056
0.337705958     4.580520607
0.066026248     7.886654927
0.83120972     1.707115557
0.489054971     3.384190164
0.488280764     3.389434351
0.805053221     1.798797049
1.614757028     0.356190536
0.660313961     2.40270853
1.145919898     0.909722912
1.017005277     1.17728863
0.834324171     1.69651515
0.895180167     1.502100172
0.334009999     4.61450489
0.229455625     5.687741969
1.151276822     0.900028305
0.347689936     4.489964096
0.22920324     5.690613695
1.794761945     0.248503261
1.060986167     1.078156074
1.278853918     0.697339249
1.1234298     0.951576665
0.876530978     1.559184022
0.788518608     1.859276366
1.378856839     0.570929753
0.841379577     1.672744053
0.873926981     1.567325424
1.144044634     0.913141259
0.777085122     1.902282219
1.132757805     0.933988613
1.205972697     0.806766645
0.560560582     2.933227678
0.938705741     1.376870397
1.424001882     0.521639164
1.383203087     0.565988456
1.905924935     0.19896521
1.843306225     0.225510655
0.470589955     3.511504813
0.541731768     3.04579223
1.012183818     1.18869604
1.82218321     0.235241686
1.174876504     0.858534485
0.500525973     3.307433898
1.037269956     1.13052787
0.178555754     6.297250247
1.345878561     0.609855921
1.503268893     0.445163696