       4.3063       0.1262
       1.5705      -2.9218
       2.1406       2.8812
      -1.1729       3.2154
       3.6845      -0.5706
       0.7451       1.5426
       1.5587       0.3441
       3.4108       2.8202
      -1.1457      -3.6468
      -2.0328       4.1429
       1.7941      -0.6647
       1.5910      -3.1063
      -2.8762      -3.0294
      -1.0269      -4.5901
       0.7735       2.5012
       0.8034       1.8558
       0.2179       3.9874
      -1.5345       0.7086
       0.3381      -0.5755
       7.9645       4.4732
       2.4030       1.8897
       1.7301      -0.3750
      -0.2823       3.5469
       4.6229      -0.0573
       0.0101       1.4116
      -1.5687      -2.4609
      -0.0611      -7.2595
       1.0124       6.9702
      -2.4128      -3.9367
      -0.8340      -4.0836
       2.9707      -0.3332
       7.5011       6.7645
       1.7492       6.1129
       0.1139      -3.1329
       0.2693       0.5626
       0.8605      -0.0783
      -0.9540       2.1284
       1.7855       2.5459
       0.7532       6.1856
       1.0885       5.6083
       2.5877       1.6549
       0.4946      -0.5020
       3.4730       1.7353
       2.8883       1.0361
       1.9532       0.0587
      -4.1134      -4.5663
       2.3840       6.2841
      -0.2658       0.8933
       3.7129       2.6335
       2.0367      -2.9811
       1.5306       2.7705
       0.9805       3.3412
       0.4156      -0.4712
       1.8916       2.9591
       2.2696      -0.1951
      -0.6317      -1.2139
       3.5019       5.6371
       2.8217       0.8881
       0.9865       0.0771
       3.0894      -0.2013
      -0.6134       1.7988
      -3.0982      -2.7401
       1.7570      -0.2709
       5.3746       1.8207
      -0.4868       0.7832
      -3.7979      -3.0976
       2.7258       0.4041
      -1.0507       3.1466
      -0.7274       1.2920
       2.5686       3.2386
       4.1503       3.8068
       0.1601       1.3077
       4.8917       4.3029
       1.4997      -0.6016
       4.1127      -0.0641
       4.9948       3.3908
       0.5183       0.7456
       1.0130       3.0256
      -0.5517      -0.7461
       1.2020      -4.7173
       2.0014       5.2910
       0.7374      -2.8808
       0.5951      -0.8019
       1.8412       2.6235
       3.3501       1.5003
       4.5129       2.2097
      -1.0421      -1.2842
       3.0860       2.0732
       0.3935      -1.8474
       0.3567      -1.7415
       2.7708       1.4345
       2.3160       3.1657
       1.3244       3.7098
       1.6163      -1.6006
       0.6974      -1.4889
       4.1433      -0.0417
       0.5745       2.1435
       1.4815       3.2532
       1.8809       4.2946
       0.4420       1.8306
       6.4420      -12.8306
       5.4420      -11.8306