      11.3329      34.3434
       8.6382      28.3141
       5.3405      32.1371
      16.1706      23.1569
      11.5415      29.2724
      13.8799      29.5829
      10.9332      29.7663
       4.1937      33.9686
       9.9428      31.3427
       5.2106      29.0879
       7.8285      40.0661
      12.9707      30.2126
      10.0879      23.9687
      12.5787      21.0301
       8.2798      31.5573
      13.1151      20.3176
       2.9935      35.2261
       9.0297      26.9740
       8.4617      28.3386
       8.9400      31.8290
       5.4874      39.9081
      11.7374      34.6251
       9.3220      30.8127
       7.8342      35.4098
      14.2086      19.0455
      13.6803      26.1445
       4.5143      38.5670
       9.2399      28.4337
      10.8606      32.9938
       7.2957      37.4595
      15.8989      21.0268
       7.1487      30.3339
      15.0510      26.4406
       6.4959      39.5708
      12.2391      28.1149
       9.0829      29.3814
      12.3640      27.5095
       7.8479      32.7959
       9.0482      30.5665
       8.5767      30.4886
      10.5118      29.3859
      11.3450      27.2004
       6.7389      42.1897
       9.9309      23.1007
       8.2651      35.1567
      10.7520      23.6302
       6.5102      31.2531
       7.3727      34.7096
      10.9811      29.4331
       9.4697      28.7445
      11.6509      20.1569
      13.4132      24.7590
      10.4377      28.6347
      13.3144      34.7732
      10.2257      33.3734
       8.8461      33.3865
       6.1641      36.2490
      11.9391      28.0881
      11.6272      33.4445
      12.5422      18.8246
      10.0920      27.1947
      11.4741      24.3604
       9.2513      23.4107
      10.6614      26.7147
      11.8906      28.2880
      10.8428      25.2804
      11.4501      30.1508
      13.5402      23.7904
       7.1506      36.6881
      15.6068      23.8426
      11.7098      26.1619
       6.3630      29.6428
      12.1106      24.6000
      13.5721      24.8694
       7.7147      31.3697
       7.7385      26.4659
       9.0789      34.8777
       4.8201      35.4545
       8.5761      32.4761
      11.9544      24.3302
      10.4284      29.4437
       9.4766      32.3449
      10.7752      29.1535
      11.1556      30.2165
       9.8969      29.9713
      13.3041      22.3329
      10.7726      29.3818
       5.9414      32.9442
       8.9550      31.3625
       8.7784      31.5663
      10.0176      31.9653
      13.2152      33.2067
       4.5261      39.9170
       7.5101      26.9742
       7.5177      39.7819
      11.9371      25.5104
      14.9453      18.3185
       6.2930      33.2999
      11.4533      34.3832
      10.9735      25.0655
       9.5817      30.0707
      12.7650      26.9215
      11.4485      27.3596
       9.7153      31.6859
       8.5270      39.6608
      12.6645      29.4062
      11.4548      23.1970
      19.1768      20.9495
      11.6291      29.9228
      11.3040      31.9638
       7.7096      31.2860
       9.0002      34.6817
       8.8697      34.0790
       8.5657      39.4116
       9.9532      27.0471
       9.7263      28.7629
       5.4461      32.3933
       5.4169      31.7070
       8.3637      36.3880
       6.5318      39.5727
      10.5968      33.3705
       9.5861      28.0018
       7.9294      29.1418
       6.8925      27.4480
      11.6135      26.6623
      13.6298      25.0327
       8.9478      25.0014
       6.4540      36.1506
      12.3155      23.4076
       7.2479      33.0530
      14.0086      18.8394
       3.2765      41.9825
       9.5756      31.4315
      12.1739      25.7058
      10.5789      25.9991
      11.2808      28.6608
      11.7474      26.2785
      12.9870      25.1652
      15.9617      22.0177
       3.6594      43.9099
       9.3555      25.8062
       8.0861      29.0488
       9.5657      30.6175
       7.2835      30.6273
      12.7956      26.4028
       8.2234      28.3219
       6.8226      38.2208
       8.6920      30.9888
      12.0880      32.0376
       5.2881      27.0656
      10.1463      30.0171
       9.1021      28.4579
      13.3340      24.8391
       5.1700      37.8964
       2.6856      40.4497
      10.0668      28.7261
       8.4352      32.8749
       6.8718      31.7022
       6.2746      33.1487
       9.6841      28.1834
      11.2143      36.3550
      11.0709      28.8506
      11.9366      31.6509
      11.4011      30.2052
       8.0482      34.3774
       4.0140      30.5153
      14.4530      23.4829
       8.1853      31.7261
      11.8342      33.0220
      10.7084      27.4283
      12.4395      29.9113
      11.8984      24.5671
      13.9370      18.4968
      13.1939      27.7210
      12.8776      25.3056
      10.3371      26.4004
       4.2858      40.0475
      12.0493      26.4672
      10.4966      30.8093
      10.1632      28.3252
       8.2266      27.8186
      11.5360      33.8077
       9.6200      27.9725
       4.6733      30.8561
      10.7361      32.5626
       9.4021      28.4075
       6.3664      38.8510
       3.5220      36.2798
      13.0908      29.3072
      11.1347      35.2139
      14.1517      23.8215
      11.9871      31.7362
       8.1178      22.6850
      10.4081      32.5366
      12.7074      27.9298
      10.1737      24.5820
       7.7350      32.6666
       5.4618      29.3068
      10.3072      34.0944
       5.8462      34.5219
       8.7281      34.2922
      14.9445      17.4388
       5.8027      45.1066
      13.2831      30.0671
      12.8545      29.4572
      11.9009      29.3543
       9.9541      29.1088
       5.5359      37.4851
       8.1895      31.3517
       9.5087      26.3758
       3.6963      39.9608
      10.4035      30.6167
      10.6744      31.0074
       5.6369      34.5044
       9.9967      26.3056
      10.1190      30.4099
       9.1635      29.9246
       5.0452      34.2038
       6.6881      35.1209
       0.4855      42.6820
      10.9493      26.5361
       8.3674      39.7369
      10.1575      31.1417
       7.6912      34.6208
      10.2691      33.4951
       7.8696      37.6979
       3.9791      39.2484
      11.4504      30.3872
      14.5433      29.0848
      10.8678      35.0334
       9.6086      19.1136
       6.8528      36.5342
      12.3471      23.0569
       4.6999      32.3400
       4.8007      29.4131
       8.8664      34.1086
       5.9473      38.5545
       9.5270      35.0360
      12.3629      26.4308
      10.8804      26.1038
       6.4070      26.2001
       8.1003      27.3265
       3.1647      40.9561
       7.4257      28.9180
      13.9630      27.1525
      10.2724      26.9499
       8.7368      32.1322
       9.9309      25.3229
       6.4097      33.0090
      11.5041      30.1944
      13.7825      18.8043
       4.9425      32.9915
       6.9483      34.7715
       7.9218      28.6746
      13.8340      21.6438
       8.9952      28.2601
      11.1721      28.2530
       8.0574      34.3439
       9.9541      34.2942
      10.4620      30.4408
       7.7471      27.5852
      11.0820      29.8012
      14.7794      20.5064
      12.1586      32.7564
      10.5057      28.5723
       7.8482      32.8582
       6.5071      29.9044
       9.3281      37.7187
      12.9077      18.2722
      11.9430      25.3674
       8.4963      31.0288
       8.4166      28.3499
       8.9562      32.6649
       9.4591      27.9131
       8.4900      32.1885
       9.7417      36.2082
      11.5190      27.6077
      11.4222      26.3331
      13.4938      21.3222
      13.6407      23.6873
      13.7496      24.6355
       8.8618      30.5183
       9.7791      29.7281
      16.2964      18.5337
       7.6380      35.8868
      14.0251      25.2615
       8.2643      39.5175
      14.3724      19.4651
       4.9659      42.5294
       9.4651      28.2593
      10.8899      38.3808
      12.4541      33.1875
       7.3414      33.2186
       8.9896      27.3653
      10.5442      21.1120
       9.8817      31.3894
       9.4928      29.4332
       7.1589      32.0577
       3.8963      39.6375
       9.9631      32.0925