       8.1030      29.6279
      11.5569      19.9719
      14.5474      27.9093
       5.9619      29.7901
      12.9425      22.1635
       4.6010      30.7766
      11.7321      25.7552
      13.4348      31.3563
       9.2461      28.8864
       6.7805      34.4664
      14.3668      29.6610
       8.1605      25.9639
      11.1033      23.6312
       9.5314      29.7433
      10.0049      31.0541
       3.9576      30.1325
       6.5834      42.2021
       8.4806      28.5581
       9.7925      27.6654
       9.0574      27.3762
       5.2934      28.7089
       9.0370      21.9835
       6.8758      38.1639
      10.1753      20.2693
       9.0209      34.3691
      10.8696      40.1248
      10.7557      31.1800
      13.1430      22.4310
       6.6012      39.1294
       8.0477      32.6786
       9.6987      35.0701
       3.9970      31.1828
       7.7191      26.7700
      10.1246      23.3894
       4.9422      34.7268
      13.0002      31.3998
       9.2961      31.5404
       6.5296      39.4349
      12.3427      33.2301
      15.2137      33.7151
      10.9148      31.4290
      11.4007      36.0592
      14.7647      19.1778
       9.0365      32.4744
      11.0642      26.7978
      12.7150      31.4988
      11.6161      29.0177
      12.0412      35.5287
       4.5808      35.3709
       7.1831      40.1381
      10.0661      25.8747
      10.4243      30.8499
       9.6134      31.1923
       7.2560      36.5712
      11.9485      21.9523
      17.1291      35.5304
       7.1093      31.8462
      11.2299      29.3045
      11.8091      23.7396
      12.0965      31.5405
       4.3087      38.3422
       7.8690      36.6436
       3.9974      38.8673
      10.9330      30.8780
      10.9566      24.9548
      10.5668      33.7862
       4.8163      30.8553
      12.4947      28.0266
      12.8256      30.8765
       9.1737      29.0779
      16.0323      28.2546
       6.6849      26.3596
      10.8822      30.9794
       8.6496      38.7939
       4.8747      36.5957
       6.6431      30.8333
       7.8047      32.7660
      10.7292      31.7805
       4.2382      32.0359
      12.0149      26.3432
      11.0170      26.6604
       9.7796      33.4733
       6.9511      36.4558
       4.8441      28.9905
       8.1073      21.3004
      10.4396      35.4049
       8.1482      40.7008
      10.8057      32.4441
       6.8075      30.5563
      13.9775      30.9787
       8.5801      29.8122
      12.8129      29.3178
       8.0646      23.3291
      14.1676      30.0184
       7.0403      32.7744
      14.9792      25.9544
       8.2207      30.6434
       5.4344      29.1920
      11.4372      27.7772
      15.8968      25.6297
      10.4515      33.9196
       9.5143      30.9442
       7.6919      29.7728
       8.6472      36.4906
      10.0620      34.6832
       5.8514      36.1735
       8.4310      27.2641
       9.0373      30.0962
       7.4746      39.1427
       7.2959      29.0055
      11.5471      25.9347
      12.0318      16.2439
       8.8635      22.7834
       3.2213      38.0378
      12.4801      23.8285
       9.8472      25.5650
      10.7060      35.7603
      11.8400      25.9436
       8.1607      29.4370
      14.1664      18.7085
       4.9153      28.3346
      16.6758      33.3271
       5.5891      39.9133
      10.0959      40.1185
       7.6960      32.0497
       8.6683      29.2311
      11.8554      25.9512
       9.0269      30.7176
       7.8300      28.9406
       9.4261      29.5217
      16.3761      36.1400
      11.1073      22.8276
       8.5991      30.3187
       6.2068      35.1145
      11.3897      31.0274
      11.6372      24.6968
      11.2976      24.7021
       7.5236      33.3316
       4.6284      22.7541
       7.2780      29.1449
      10.5176      28.8869
       7.8713      35.3367
       7.4070      33.2162
      11.9721      36.7231
      13.4689      25.8465
      13.2839      25.7883
       5.5245      31.2580
      12.1200      21.0916
      12.2680      37.0874
       7.1087      29.9602
      10.2872      24.7030
      11.7968      33.6336
      13.3383      31.2606
      12.2703      27.4229
      14.5170      26.7328
      10.1860      28.9712
      10.4965      30.9107
      12.0733      24.4562
      12.9513      27.7864
       9.9858      35.8118
      12.6059      24.7898
       8.8076      38.1481
       7.4730      30.2905
       8.6176      37.3940
       5.5999      32.0208
       9.9291      28.1188
      12.1972      31.2270
      11.6094      22.9457
      11.6903      31.1235
       7.3935      25.5166
      12.8167      19.8715
      13.6321      27.7744
      10.8728      28.8357
      11.3273      33.5748
       7.9449      25.8641
      15.5355      24.7149
       6.7232      36.9769
       8.7616      42.6144
      13.1961      32.3241
       4.2715      34.4338
       9.2332      25.3324
      10.6961      31.9054
       6.4092      32.9052
       5.7806      32.3421
      13.1711      28.0716
       9.2492      34.1072
       6.2458      22.9574
      12.7211      30.4228
       7.4188      34.5929
      11.8606      33.9163
      12.8941      36.6072
       7.3683      38.2615
      10.3961      21.5545
      12.2010      28.1122
      13.0406      22.6078
      12.2994      32.7869
       4.2314      37.9392
      14.7863      22.1800
       6.9730      36.8478
      17.1095      15.1218
      10.1246      33.2215
      12.5254      33.4436
       9.9389      28.8971
       5.5649      26.1641
      13.2988      29.2954
      11.0690      24.7249
      12.9261      29.3683
      13.9640      29.1265
       8.5843      30.7050
       2.6389      36.0992
       8.4090      28.4608
      11.3763      30.6777
       8.4558      32.0233
      15.8791      22.5180
       8.3775      23.2437
       8.2549      29.3404
      10.0240      34.3419
       7.8968      40.2966
       4.5091      37.5165
      10.7432      33.6047
       8.0635      33.4941
       4.8883      31.5598
       8.6173      34.1966
      10.4600      24.7887
       8.2315      34.5483
      13.5847      34.3945
      11.3893      18.9610
       4.3941      39.3856
      11.1708      36.5676
       5.3865      28.4331
      12.1240      30.3149
       9.9447      30.6769
       7.4406      43.8104
       4.3753      19.6711
       6.2734      32.1567
      10.4618      23.5882
       6.0473      37.4091
      10.3986      34.0066
       7.3603      28.9641
       8.4268      31.1270
      13.1322      26.6086
      11.4072      25.6760
      12.2869      30.0375
       8.8473      30.9655
      10.5807      33.2176
      10.2887      17.8459
      10.8813      27.5228
      13.4750      24.7629
      10.4334      29.0352
      14.3180      21.6423
       9.3705      28.1875
       8.6092      24.5883
       7.0239      31.5722
      11.7881      32.2405
       7.0258      26.8811
      15.7898      24.6101
       4.7515      36.0042
       6.6489      32.8026
      11.6783      23.3193
       8.8319      30.2717
      11.2304      27.8345
      11.4821      29.7961
      11.9992      35.6632
       9.1143      31.7082
       6.5356      28.9648
       6.7094      35.2833
      17.7623      29.8281
       9.5697      40.8255
       8.6803      27.8023
       5.5951      27.6609
      12.4015      28.2195
       6.6775      37.3653
       9.3973      41.3221
       9.4403      26.5756
      14.4363      19.8618
      14.7048      28.8014
      10.4430      28.7638
      12.0603      27.6370
      13.4114      26.4864
      11.3076      25.4005
       3.3152      32.4164
       8.6744      32.0475
       7.5080      29.2431
      11.5192      19.9209
      10.3781      27.7269
       5.2755      34.0789
       9.6428      31.4163
       4.7031      35.4711
       6.8614      30.8355
       7.5098      35.0782
       7.5437      34.3191
       7.9715      25.8300
       3.3278      41.9892
      14.2902      32.4637
      10.2567      33.7936
       5.9632      29.7450
      14.1916      28.0777
      10.9216      30.9029
      11.8304      28.0982
       4.9253      32.4339