      13.0287      22.0732
      11.0496      25.9593
      10.6962      33.0122
      11.0864      28.9601
      15.0636      20.0112
      11.6947      27.0494
      11.8357      26.8649
       8.4451      29.7505
      12.6547      24.2562
       9.2527      30.8438
      11.5211      23.8743
       5.8532      37.5778
       9.9734      25.1811
       4.4589      36.5974
       8.5132      33.1321
       3.8076      36.7944
      13.9193      25.1108
       9.8705      28.8368
       6.1083      39.3778
      11.0313      26.8972
       8.7021      32.7344
      12.2243      27.6111
       8.0795      31.6716
      11.5747      24.1625
       9.0490      29.2040
       9.7718      27.1605
      17.4020      17.9092
      12.5585      25.9249
       6.6719      33.8478
      14.4499      25.4720
       5.9639      31.6245
      11.8012      24.6328
      11.8848      27.8123
       8.6241      30.3659
      13.4518      23.7374
      11.0825      28.0890
       7.1362      32.8913
       9.8502      30.8183
       9.6014      29.3775
       6.4128      36.4335
       9.5143      32.1468
      10.4804      31.5702
       7.7389      38.1214
      14.4697      26.4293
      18.3307      15.8459
      10.2910      30.2729
      12.7367      26.9508
      11.6995      26.3067
      10.4406      28.5957
       9.6931      32.8507
       7.5158      35.7302
       9.0684      29.5426
       6.8319      36.3002
      10.5167      27.7745
       7.5953      33.1463
       9.0790      31.5773
      10.0252      32.8281
       7.5977      35.4881
       8.7114      29.2295
      12.4000      23.6870
      12.5828      27.5928
      10.4457      29.2133
      12.9463      26.8323
       7.1057      38.7416
      11.3547      29.8294
       6.8285      37.0167
       7.3704      33.3517
       8.1217      36.7284
      10.1238      31.7080
       7.6468      36.0841
      12.5805      25.0286
      10.1793      27.4639
       7.1151      38.2685
      13.7439      25.5927
       5.9503      39.1641
       9.1955      31.1330
      13.1663      26.6184
       6.8768      34.9440
      12.6116      28.0483
       9.7694      30.0560
       9.7074      28.5539
      10.6711      29.4842
      12.2124      23.5214
       9.4510      32.2134
       6.4488      38.9118
       5.2497      32.9673
      12.6120      24.4830
      12.3826      23.4173
       6.1050      36.5718
       4.9073      34.9709
       5.9638      37.8731
       9.8092      26.9719
       3.7461      42.5381
      14.1704      22.3354
      11.8001      26.3206
       7.5686      29.2678
       9.0456      29.5462
      14.9358      21.1867
      11.6137      24.0780
      11.4837      23.6467
       8.9600      32.2864
       7.2069      34.2213
       6.5857      32.3730
      10.8130      31.7563
       4.5980      32.8277
       5.1018      36.3084
      12.1462      25.2895
       9.6818      29.6693
      12.0270      30.8012
      14.3933      22.2800
      14.0636      22.2981
       7.2216      30.2446
      14.9589      24.8306
       8.7876      33.6672
      10.6581      29.9418
      10.6236      31.4137
       7.9395      31.1187
       6.3730      34.8003
      19.6753      15.3601
      10.9797      26.9154
      12.6120      26.5618
       8.0109      32.4612
       8.9634      34.6087
       9.8094      29.6825
       5.7991      35.5641
      11.5464      28.4116
       3.6183      37.3358
       8.9974      33.6320
      12.5355      26.7746
      12.9115      28.8088
      12.9277      24.9344
       8.7510      33.4700
       8.7083      34.0132
      13.2632      18.6229
      16.7117      20.1776
      11.5392      28.4436
       8.5591      30.7163
      14.7945      21.1081
      16.0429      21.5296
       8.9240      32.8677
      10.9005      29.0018
       7.3959      33.7333
       3.6658      38.7019
      16.2767      22.2996
      10.8881      27.4202
       9.5750      27.9631
      11.5522      29.5522
      13.7350      26.3091
      12.2533      27.6708
      13.3289      28.8402
      16.3952      18.0816
      13.2443      26.6215
      10.2825      28.3118
       9.0212      30.6959
      10.1073      28.3272
      11.1594      27.6980
      10.3728      31.8084
      12.9530      24.4189
       7.6864      34.9309
       9.3676      29.5538
       7.0934      31.6475
       6.8156      35.2685
       7.9705      34.1897
      13.6245      24.8621
       8.3722      33.9434
       4.1935      36.2645
       7.5585      35.1077
       9.0266      29.7655
      10.2464      28.6961
      11.8749      25.4257
      11.6879      30.2794
      10.6637      23.9286
      11.0741      28.1611
      10.0528      32.4157
       8.0653      35.3993
       8.2226      33.5636
       8.4042      33.4413
      13.2726      24.3790
       9.1933      34.9226
      11.2345      25.2048
       7.4401      37.1094
      11.5187      28.5429
       7.5668      33.4944
      11.4761      28.8309
       9.5258      30.5394
       7.3016      36.8423
       6.7946      36.5954
       6.3959      36.2282
       7.8101      32.9896
      10.2227      27.9225
       6.1056      38.8922
       9.0027      30.8951
      14.5346      18.6578
       9.8279      28.6356
      13.2850      25.6547
       8.0588      28.0381
       8.9690      26.1597
      11.3465      30.8888
      13.2709      21.9519
       9.7546      32.3512
       9.7344      27.9505
      12.8381      24.8316
       7.4573      32.5176
      13.5075      27.7853
       7.9650      34.9320
      11.4610      28.3346
       4.0630      40.1176
      11.6186      30.1387
       5.8185      36.2701
      12.7558      26.9821
       7.6574      35.5467
       9.4835      30.4704
       8.0701      33.7452
       7.7188      33.8767
       9.0299      35.1177
      10.5273      28.0952
      13.9837      21.8327
      11.7869      25.4239
       6.2258      37.8479
       7.7805      36.9143
       7.3397      33.4931
       7.6212      33.9723
      11.2217      29.4205
       9.9791      30.4098
      12.7451      28.8039
      11.3956      24.8011
      13.0372      28.6320
      10.9930      23.8486
      14.1913      23.3637
       5.2115      37.7346
       8.1965      30.4070
       5.3682      39.1258
       6.7211      36.5693
      13.6114      27.3607
      14.0700      21.4233
       7.6879      32.8085
       6.5747      30.6603
      12.5031      30.0777
      14.8436      19.0746
       7.0351      37.4222
       8.5037      31.8175
      12.4279      26.0322
      15.2638      21.3954
       2.8179      43.2972
      15.2025      24.1685
       8.7086      29.7511
       9.4338      29.8928
       7.5770      31.3128
      10.7690      29.4202
       8.2244      33.5524
      10.0260      32.8954
      10.8155      28.0422
      11.7652      26.1478
      10.6085      31.2214
       7.0686      34.1090
       8.5791      31.5081
      12.3780      26.9836
      13.0774      26.0463
      10.8334      30.2440
       9.4320      31.9277
      10.5576      26.8453
      11.3603      29.2229
       3.5423      41.7312
       9.8929      33.5766
      12.8257      26.6049
      12.7045      25.6046
      10.6463      26.3154
      13.1057      25.7951
       7.5493      35.2423
       6.9602      34.8122
      14.0906      22.7794
      12.4037      26.2727
      10.5087      28.6683
       9.9553      28.3405
      11.2739      29.9950
       9.5485      31.4232
      10.2827      30.4423
       6.9065      29.7130
      10.4728      29.8016
      10.4818      33.8154
       9.3863      29.8741
       9.0506      35.5240
      11.5283      29.3359
       6.3222      33.7781
       9.1908      33.7289
      10.5288      30.3595
       6.5616      36.0701
      10.7567      29.9366
       4.9721      35.3555
       8.6690      32.4858
      12.8147      25.3203
       8.5834      31.6075
       7.4840      33.6643
       8.3027      28.4606
      14.0467      22.3295
       8.6110      27.7961
       5.3361      36.3754
      12.3089      28.0192
       7.4384      31.1393
       8.0163      36.8031