      -2.5958      -2.7861
       4.5392       4.0948
       0.4548       1.3404
      -0.2711      -3.5449
       2.6435       3.9540
       0.5620       0.9399
       3.7489       3.4936
       1.5865       0.0880
      -0.9994      -2.6501
      -2.7168      -4.2109
       0.0940       1.2972
       0.0325      -1.4962
       2.2619       4.0535
       1.4368       2.5665
       1.5745       2.5444
       2.6494       1.4397
       2.4062       2.8781
       1.5352       1.9739
       2.9620       2.4123
      -0.2597      -1.4620
       2.6440       1.4310
      -1.5810      -6.7232
      -0.4528       0.7865
       1.3808       0.8004
       2.4439       3.3973
      -1.6331      -4.2123
       1.7751       4.5028
       3.9019       3.7069
      -0.1491       1.2001
       5.6783       7.6351
      -0.1395      -0.7100
       0.2980      -2.1909
      -0.0695       0.1552
       2.1437       3.1020
       2.2310       3.5749
      -1.6067      -2.0310
      -2.2989      -3.4924
       2.0888       3.7274
       0.2596      -0.1262
       1.7026      -0.3252
       0.2466      -2.2637
       1.9892       3.9820
       4.6668       6.4759
       2.2704       2.0417
      -0.9249      -3.2299
      -0.1392       1.4092
       2.7425       5.2545
      -1.1235      -2.5416
       1.0126       4.1200
       0.5730      -0.0856
       3.1771       5.3425
      -0.9016      -1.4049
       1.6178       2.1808
       1.1812      -1.6660
       0.8077      -0.8498
      -1.8544      -4.5609
       1.3364      -0.6446
       1.8608       1.9541
      -0.5270      -3.0436
      -0.2806      -0.7148
       5.8888       8.7867
      -0.3963      -3.5235
      -0.1641      -3.5890
      -0.2418       0.8364
       0.0138      -0.4065
       2.5232       2.6341
       3.0198       5.5904
       1.5245       3.7920
      -1.0705      -4.8082
       0.1554       0.4373
      -2.0881      -2.1497
       0.3500      -0.8594
      -1.2654      -1.5427
       2.8777       1.8981
      -0.7016      -1.4158
       2.1291       1.6074
       4.0489       4.4889
      -1.6627      -3.0052
      -1.3183      -3.2818
      -2.0739      -2.0904
       2.2389       2.8854
       2.9000       2.6979
      -1.3547      -2.0486
      -0.5896      -1.8341
       3.1082       2.6063
       0.0131      -1.4436
       5.8055       5.0890
      -0.6375      -2.2319
       2.9760       2.6421
       3.8411       2.6635
       0.9903       0.1548
      -3.2419      -4.7555
       2.3844       3.7926
       1.0588       2.0509
      -1.6967      -2.3282
      -2.0657      -4.8929
       3.1266       1.9945
       1.2622       0.5471
       4.5042       5.5284
       1.1088       1.4712
       1.1460       1.0125
      -1.3887      -3.0996
       0.5899      -1.5093
       0.8189       2.2270
       1.3749       1.5372
       1.8375       0.9224
       1.2986      -1.6518
       2.6360       4.0714
       2.5870       2.0563
       1.6958       1.0447
      -0.3084       3.3479
      -4.0983      -4.6287
       3.0711       2.7932
       3.3581       4.0619
       0.8216       0.7225
       2.3735       2.3186
       1.2506      -0.5516
       3.1826       4.8555
       2.9493       4.4210
      -0.4572       3.5599
      -0.0867       0.1804
       2.0902       1.2295
       1.7411       1.6589
       0.3355      -2.8549
       4.1379       5.5221
      -2.2670      -5.0164
      -2.6631      -2.7685
       2.9093       1.8170
       4.4715       6.0331
       2.0573       2.9206
       1.2990       2.0945
       2.9728       3.8045
       3.2429       2.9302
      -1.4290      -0.5902
      -2.0589      -3.1439
       2.7213       3.1242
      -2.7806      -4.7692
       1.8812       2.0964
       3.0293       2.8754
       2.5141       4.2108
       2.1246       3.3753
       2.6559       5.1863
      -1.0221      -3.4175
       1.9338       4.4558
       1.0318       0.0255
       3.1159       3.5166
      -5.2869      -8.4625
       0.5209       1.1776
      -3.2527      -3.3806
       3.3681       2.7960
      -0.3341      -0.8111
       1.9080      -0.1309
       3.5119       3.6836
      -1.3644      -2.9227
      -1.8193      -2.6300
       2.3096       1.6221
      -0.9027      -1.9048
       0.3038       0.2298
       1.9771       2.4531
       3.5707       4.5662
       3.5037       4.2021
      -1.2139      -4.0790
       0.3457      -0.3527
       2.6108       5.5615
      -1.5390      -0.3471
       1.7161       0.8573
       3.3555       4.1652
       1.2024       1.7855
      -1.7815       0.0919
       1.3606       1.8007
      -1.6149      -2.8364
       2.1079       3.1657
       4.5487       4.5121
       2.0449       0.4996
      -3.0970      -4.6024
      -2.4645      -1.6673
       1.5234      -0.3091
      -0.1313       0.2641
      -1.7657      -2.6375
      -2.7850      -3.0289
       2.7706       2.6661
       0.0046      -2.4215
       2.3732       4.5042
      -0.0388      -1.6590
       3.1483       2.2118
       1.0137      -0.4379
       0.8450      -1.1612
       2.7863       3.0835
       0.0259      -0.1649
      -0.6670       0.1737
       3.2928       5.6695
       3.1181       3.2322
      -0.7514      -2.3269
      -3.7256      -6.1103
       0.3676      -0.5003
       3.1989       3.2958
       0.5530       0.6857
      -0.2567       1.7235
      -3.9540      -4.8237
      -2.0663      -3.2134
       1.3610       2.3430
       0.1645      -0.4358
       1.5241       3.6251
       3.5347       6.0306
      -2.8298      -2.1489
       2.1884       2.7888
      -0.0625      -0.8349
      -0.0665       0.7314
      -0.0929      -0.4470
       4.4365       5.2224
       0.0459      -0.5647
       2.2762       0.9043
       2.3074       2.5305
       0.1494      -0.3092
      -1.5532      -1.6474
      -1.2470      -2.0663
       1.7525       1.7590
       0.7818       1.3478
       2.2296       2.7387
       1.0275       0.2246
       0.9429       1.3542
       1.3502      -0.6170
       1.8599       1.1355
       1.1246       1.5105
       1.6242       3.1515
       2.2586       2.3415
       2.6938       3.9753
       2.6735       2.3429
      -0.4811      -1.7070
       2.6971       2.5613
       2.8857       2.3244
      -3.3093      -6.2805
       1.4389      -0.9742
      -0.7495      -4.1999
       3.6913       4.7267
       3.4191       2.8937
       1.8008       3.1535
       0.9876       1.0630
       1.9674       1.5970
       3.5786       5.9219
       4.8958       6.4769
       3.6026       4.5453
       1.2747       0.0708
       3.5076       4.0766
       3.2399       4.2073
       0.4941       0.4109
      -0.0256      -2.5364
       0.6524       0.0050
       4.8811       7.5098
       2.8803       2.3850
      -2.7183      -3.1072
       5.8859       8.1464
      -1.9871      -3.0331
       2.1585       2.2185
       0.4316      -1.1261
       5.7174       8.4591
      -0.5612      -1.4048
       4.8461       6.7420
      -1.2685      -0.1420
       1.4056       2.2992
      -0.4206      -0.9944
       0.0491      -0.3280
       5.0219       8.7561
      -0.0894      -2.2826
       0.8336       0.8512
       1.5164       2.6990
       2.7501       2.0980
       0.8901       0.7339
       2.9969       4.3997
       3.5431       3.9863
      -1.2188       0.3247
       1.3081       1.8070
      -0.0431      -0.4378
       0.5394       0.5528
       3.5929       3.7543
      -1.4388      -1.0427
       0.9757      -0.0895
      -0.7245      -0.4812
       1.6294       0.5559
       2.1706       1.9770
       2.7083       1.9773
       2.1023       0.9323
       2.6006       4.5327
       2.0510       3.1549
       1.8808       1.3391
      -1.0475      -2.1001
       1.5665       1.9311
       1.4233       1.7502
      -0.3409      -1.4292
       1.6619       2.3859
      -1.7351      -2.2173
       0.7339       2.4542
       0.3470       1.2104
      -1.2957      -3.5150
       0.1998       0.0379
      -2.5524      -5.9572
       2.6823       2.0892
      -0.0867      -1.1340
       0.1815      -2.2158
       2.1714       0.8342