      12.1569      29.5125
       8.3589      25.7363
      12.3373      23.6503
      14.3351      27.5493
      10.5194      27.1966
      11.1957      25.7724
      10.2887      35.2884
       5.5104      33.9145
       7.6833      32.2158
      10.5301      25.1265
       8.3317      25.5074
       5.1542      24.1682
      15.3690      38.5001
      11.1857      30.3233
       5.3197      24.6585
       5.1873      25.0050
       8.0523      31.0291
      15.9800      33.5650
       9.0290      23.4338
      12.5385      37.7393
      11.3448      29.9471
       9.8306      31.2421
      10.3970      35.5964
       6.9186      23.9924
       6.0923      19.8856
       7.3134      30.1843
       8.7432      27.2120
       9.8027      33.7370
       8.0277      23.4855
       8.0587      32.8827
      12.6190      27.5775
      12.9181      33.5670
      10.3908      35.3998
      12.9168      41.4548
      11.0057      28.9929
       3.1853      34.1320
       7.5673      34.4295
      11.4866      24.4262
      10.8109      34.3060
       8.4896      29.0489
      11.8156      32.2020
      11.7241      30.1666
      10.2762      33.2087
       7.2687      28.7013
      11.2519      35.0092
       7.5917      23.2729
       9.2642      31.5168
      11.5207      27.3485
      11.5714      31.1172
      15.5190      35.8509
      13.1858      34.3226
      12.1367      34.0547
       5.3696      27.1187
       7.4284      27.1711
       3.7076      26.7395
       7.7445      31.0308
       7.5465      25.1319
       7.9322      23.6390
      10.7521      29.3179
      11.8631      33.3723
      13.2160      34.3006
       6.7597      34.2578
       8.6317      29.7996
       9.4550      28.7108
       8.7160      24.2302
      14.4154      35.5800
      11.3393      31.9035
       9.7067      30.5333
       7.4285      27.6866
      13.1094      29.0386
      14.4851      31.1217
       8.4755      24.5896
       7.5277      31.3719
       8.4315      34.1300
      10.4896      35.4772
      13.6566      31.0091
      10.7374      35.3750
      10.9804      30.2889
      13.5517      35.9562
      10.2577      24.9960
      11.2768      27.0401
      11.8358      31.2535
       4.5974      22.7544
      11.7509      38.4043
      11.1849      28.1647
       9.7156      22.0888
       8.6337      26.9651
      11.1199      33.9245
      15.7177      36.5174
      13.3459      38.3787
      12.5542      30.2776
      10.8493      34.9690
      11.6651      36.4383
       7.5929      32.7906
       7.6255      27.2465
       7.6349      31.1368
       9.8558      18.4396
      12.8572      34.5589
       7.7700      26.7466
       8.8857      26.9184
      10.4228      16.6187
      12.4621      39.9926
      17.8001      41.2302
       5.0543      31.7030
       8.7181      31.3544
       9.1223      33.6310
       2.9312      28.8404
       5.5378      23.9176
       6.2882      29.4933
       9.0635      33.6885
       8.3211      30.2198
       9.0455      23.4835
       6.8675      31.1470
       6.8004      25.6435
      13.2581      31.3151
       9.1065      23.8755
       6.1812      36.1093
      10.4610      38.5602
      10.5740      31.7970
       4.0447      24.7974
      11.5625      22.8043
      11.9551      30.5434
       7.5722      29.2832
      10.9834      35.4284
      12.2846      31.9427
      10.5169      22.2321
      13.7856      36.0307
      10.9280      32.6683
      10.8517      31.2893
       4.6738      26.4440
      13.4198      32.3966
       4.1043      30.8270
      10.5022      37.8355
       9.4843      32.8581
      10.1851      25.0626
      12.2842      34.9402
       5.0299      19.8940
       8.3047      33.5021
      12.0734      37.4913
      13.3054      37.5233
      12.3477      27.5791
       7.2517      32.2884
      11.2599      29.3813
       8.1255      27.2561
       9.2005      28.3481
       8.7212      32.3106
      10.2269      27.9214
      11.6160      20.4887
       8.4815      22.7446
       4.2142      30.4953
       6.5890      24.6861
       7.7038      35.4007
      14.8251      41.7555
      12.6467      30.7509
       8.6728      29.7229
      10.3947      31.1912
       8.1681      31.5537
      10.4445      27.5446
       4.6619      18.0600
       8.6146      30.7481
      10.7409      25.9722
       8.4920      33.2633
       9.4608      25.5320
       5.0982      21.0002
      12.0544      37.8967
      14.2493      31.9749
      10.0000      36.6188
      15.8538      31.9473
      10.2304      34.1759
      10.5218      33.6711
      14.6416      39.9060
      11.3247      27.5040
       9.7101      31.3068
       2.6879      22.6414
       8.4218      29.2090
      10.0516      29.4041
      13.8414      33.8214
      11.4258      33.5739
       9.9326      24.4946
      13.7354      34.4147
       9.3887      28.2940
      11.1022      31.4406
      10.6357      27.1892
       8.8705      36.3901
      10.1560      30.7777
       8.1012      32.5443
      14.2766      27.1219
       9.2537      23.9320
      11.2009      34.1893
      12.3079      31.7849
      10.4117      33.3807
       7.8913      25.5967
      10.4384      29.1847
      11.0824      33.2231
      15.5986      36.6822
       8.1208      25.2927
      13.7243      36.4092
      11.3463      20.9856
       6.9014      27.0817
       9.0829      26.0995
       7.6089      21.6691
       5.0677      28.6531
      14.8248      36.7183
       6.6229      28.0495
       7.8016      27.6062
       5.8209      25.6847
      11.9182      34.6415
      11.1356      23.9339
       9.3058      23.6894
      12.6914      29.8799
       9.5622      27.6655
       9.2710      27.7689
      13.0032      37.4445
       9.5871      27.7394
      12.5171      36.5001
      12.3094      28.0383
       9.8549      23.8599
      10.2962      33.9043
       1.3277      21.6864
       9.5834      33.4022
      11.1225      27.4173
       5.6978      17.0995
      10.8736      33.8956
      10.4023      28.9722
      13.2902      27.2571
       8.3554      27.9120
      12.7152      35.5405
      12.0086      32.6805
       3.1455      28.1732
       8.8126      33.4500
      15.1405      25.0284
      16.1646      33.1143
      12.2889      28.6453
      12.4615      36.7195
       9.3352      31.0311
       6.7113      24.4607
       9.4951      26.7153
      13.4480      31.1425
      12.2510      24.8106
       9.9104      26.7100
      14.1287      37.6291
      10.8350      19.6294
       8.6901      31.3625
      14.7264      34.3874
       7.7350      32.7901
      11.7120      31.8621
      13.4965      33.6892
       6.3675      32.1740
       6.6670      22.2081
       8.6823      33.7777
      12.8218      30.8418
       7.4774      24.5289
       7.5339      35.3673
      10.3421      26.9307
      11.0312      26.1485
      11.4375      26.4536
       6.6766      27.4577
      12.1391      30.9529
      10.3524      26.4957
      12.8803      38.7015
       9.1240      22.5823
      13.0917      30.8274
      11.1299      29.5380
       3.2854      18.1415
       6.9836      20.6534
       6.4223      35.0947
       7.7149      34.5122
      12.9018      25.0650
      11.1880      24.7501
       6.2859      39.5019
       9.5893      31.4123
       5.7414      23.4724
      11.2905      24.9932
       7.4162      26.7375
       8.8999      25.1886
       9.7379      26.1022
       9.7809      32.6005
      17.0130      41.2183
       7.1941      25.7499
       7.6469      22.8350
       4.6135      25.2741
      10.5716      32.3023
      13.9797      23.1703
       9.5228      25.8246
      10.3602      37.7690
      10.2625      36.5978
       8.2658      26.0823
       8.4976      36.6893
       7.8767      31.6359
      12.5846      32.9532
      16.2150      28.3045
       6.0761      20.8267
      10.3047      29.7890
       8.7684      29.4570
       7.4887      27.2728
      15.4294      34.6867
      10.2649      28.4630
      10.6269      33.3507
      10.1087      27.6124
      10.8692      43.3700