      11.8725      27.9046
      12.0495      24.4759
       4.9589      29.7647
      11.7207      31.8058
       6.9742      24.6826
      14.8589      33.8654
      15.5282      31.1015
       7.2320      23.5950
      11.8399      30.6587
       5.1257      22.7949
       8.3758      33.4020
       7.4939      27.8949
      18.3622      29.1616
       9.7497      26.6421
       2.4418      26.2317
       7.1702      30.7097
       6.7204      26.9971
      11.0808      25.3359
       9.7915      31.4966
       8.8443      27.6010
       8.4294      28.7855
       9.4319      33.3667
       7.3939      30.5226
       9.0172      25.9482
       8.0173      30.6279
       7.7930      25.1314
      13.0959      30.8799
      10.5579      32.6897
       8.7948      26.9822
       2.8539      19.9379
      11.3368      33.6772
       6.5133      23.4284
      12.1289      35.1113
       4.4144      24.0404
       6.4547      27.5338
      15.0918      38.8252
       6.6284      23.1358
       9.9709      36.3607
      13.2524      37.0596
      10.2803      33.6328
       9.2783      30.7348
      14.5615      41.9952
       5.9796      28.0316
       9.4824      24.6727
       5.6588      21.9128
       9.5743      30.8308
       6.6494      22.6831
      11.3762      32.0994
      11.4620      31.0862
      11.6577      35.7371
       9.0364      26.3256
      16.4604      35.9600
      11.4540      34.5321
      13.4176      34.1370
      10.0375      23.8692
      11.9335      34.4492
      10.3944      27.3659
       7.2410      31.3065
       5.5639      22.2096
      12.8294      32.0407
       8.1212      26.7447
       9.6925      19.2698
       8.6980      27.2855
       7.9979      25.4461
       5.6759      27.3571
       9.3574      16.6976
       9.6541      32.7971
      10.6979      27.0916
      10.6327      33.3605
      11.7373      34.1920
      16.5672      34.4725
       7.9671      28.9654
       6.8352      33.6342
      14.3266      32.5969
      11.2997      30.2626
      10.1325      31.8130
      10.5575      30.9311
       7.4377      26.6930
      10.3523      25.1094
       9.7582      33.4192
       7.0376      24.5493
      12.9669      36.8246
       9.2675      20.7400
      11.0445      36.0643
       3.6862      22.6428
      11.1728      25.8058
       9.9378      30.5632
      10.2527      28.4208
      11.6718      25.6954
       6.0423      32.8654
      10.7029      25.9435
      15.3262      38.2519
       7.8131      24.2925
       7.9752      26.5352
       9.0811      30.3974
       6.8446      29.2226
       8.1050      16.3699
      10.9597      36.5578
       6.0583      25.9171
      11.3832      34.6281
      12.1282      29.7560
      11.9614      29.7704
      10.3009      26.7497
       8.1526      27.2823
      13.1674      36.3621
      10.4142      33.9911
       9.0950      28.5845
       8.6222      29.8676
       5.1933      27.2465
      11.2867      30.1789
      12.1282      29.1012
       8.5466      29.1785
      12.2625      30.0251
       9.0373      30.6753
       7.7624      25.8944
      16.1999      37.3074
       7.0746      21.1187
      10.1229      27.8888
      15.9230      37.3010
       8.6979      31.7558
       8.0499      34.3148
       6.6807      24.3533
       9.2246      30.7831
       9.7424      26.8833
       9.4629      30.8010
      14.8245      33.4606
      14.9527      33.6506
       7.4646      29.8467
       7.0990      28.6641
      11.0326      28.5448
       8.6987      27.2772
      10.0892      27.6520
       6.9896      20.3410
      14.8755      34.6907
      15.7430      43.5911
      12.5604      30.3086
      11.4216      34.7333
      10.8291      32.4655
      12.9254      28.6512
      15.2291      36.9919
       8.6299      19.5344
       4.8464      21.8015
      10.2658      28.2562
       7.8211      31.8071
      16.9832      38.8840
      14.0685      34.1906
      12.1577      35.6149
      14.7161      37.8025
       7.9536      22.4129
       9.7601      25.9217
       4.3797      21.8418
      15.4983      35.9509
      15.5409      40.2828
      11.6601      37.1050
      11.6975      28.5309
       5.6911      25.3806
       8.3035      33.8058
       8.9533      31.2827
       9.4788      25.6068
       5.1584      24.0002
      13.4195      32.5468
      11.2709      39.1986
      11.6483      38.0004
      11.1084      28.6960
      10.1431      36.2141
      15.2547      34.4252
      16.1827      33.1367
       8.4992      26.3166
       4.3906      18.5679
       6.4974      30.3744
      13.5888      34.4487
      12.4110      30.9977
       9.5411      29.2411
      12.1886      31.7485
      13.5346      33.7169
       9.9696      24.6216
      10.1615      34.9176
       8.4344      26.2570
       7.2453      24.4149
      11.5316      31.6337
      11.0423      30.1372
      12.1196      38.9055
      16.1104      37.4532
      10.1380      30.9550
      13.3429      37.4792
       9.8521      25.7636
       3.9458      28.4515
      12.3029      34.0030
       9.8973      29.6746
      10.5072      27.1274
       9.6709      29.1290
      10.7822      28.9387
      11.7538      32.6990
       7.3177      27.4458
       3.6101      20.4760
      13.4474      36.5656
      12.9826      38.8748
      11.2184      30.6046
      10.0953      28.8209
       9.9236      26.5067
      10.3844      34.4653
       9.0586      34.8540
      11.0142      29.2764
       9.4342      32.9229
      11.6422      34.1192
      10.2214      27.6127
       5.2699      33.0495
      10.9075      33.2081
       8.7069      21.6358
      11.0386      33.6086
      13.6836      36.8246
      11.2800      35.3463
      14.9505      30.9576
      13.7717      31.8763
       9.2013      22.7499
       8.5864      32.8383
       7.8193      25.6102
       8.8774      28.3311
       5.0547      25.5525
      12.6629      34.9456
      15.3665      40.9934
      13.4227      28.7565
      14.0655      35.7155
      17.1787      46.6559
       8.4225      26.7912
      14.2275      35.6056
       8.4066      28.6245
       8.0063      22.6718
       8.9703      25.8890
       7.1286      24.8672
      12.1920      34.0303
       8.4620      29.4382
       6.8213      27.8079
      13.9983      34.7337
       9.5082      25.9531
      11.8284      32.3151
      11.4727      32.2940
       8.1637      27.2120
      10.5791      30.2089
       9.0182      30.8156
      11.0623      23.1474
       8.1042      28.0728
      10.4829      32.0748
      10.2020      27.7718
       5.3603      24.9980
      10.9737      33.3784
       6.1712      31.3885
      14.8836      33.5721
      10.7000      34.8565
       9.9274      31.9827
      12.2899      29.4303
      11.2744      27.6411
      13.8257      30.7908
      13.0600      31.7157
      14.5393      33.5143
      10.8579      31.2479
       9.6058      33.5804
      12.9935      37.6092
      13.0274      30.9464
       5.7653      26.8139
      10.6891      28.3882
      13.4098      38.6329
       7.4020      24.8070
      15.1438      38.0741
      15.3565      33.5795
      10.0126      29.8508
      13.7680      30.8191
      12.6710      37.7252
       7.3407      18.7300
       7.2493      33.0135
       7.4649      28.1932
      12.2365      28.1652
      13.8759      31.2463
      12.3313      33.8777
       6.4410      26.2860
       7.5270      24.8488
       5.9340      23.9158
      15.1995      35.7525
       7.1455      27.9054
       7.8647      31.7757
      11.7502      31.4083
       8.4154      34.0398
       9.5069      31.2798
       5.6164      26.3779
      11.8018      30.9497
       8.4455      33.5696
      14.0157      34.4907
       6.3173      21.5328
       8.0181      28.3927
       7.1146      27.3005
       7.4396      20.4154
      13.8896      33.0143
       8.0840      30.5861
       9.1983      27.5390
       9.9085      31.6255
      13.9198      36.4742
       9.2960      29.7563
       7.3656      20.8664
      13.3647      34.3518
       4.7651      26.8630