       8.2076      13.8888
       9.7112      11.7354
       8.9532       5.1891
      10.1128      14.2970
       9.2926      10.6823
      10.5732      12.3025
       9.2984      12.5439
      10.2491       5.9118
       8.2490       7.6820
       8.3620       5.7422
       6.8565      15.2163
       8.0518       9.6293
       7.8660       6.2452
      10.4371       9.3288
       8.5463       6.5877
       8.3484       8.6551
       9.6195      10.3505
      10.5576      13.0610
       8.0257       8.8301
       8.6925      10.7688
       8.2011      13.4371
      12.0638      13.0525
       7.9730       7.1896
       6.5793      11.0836
       6.4199       5.2422
      10.6626       9.6494
       9.9769       8.5448
      10.5833       8.0791
      12.5155      13.3900
      12.3780      10.3229
      10.8836      12.8277
       9.2427      12.0353
       7.6531      11.0306
      11.7008       6.5807
      12.9833      13.7369
      11.6065      15.7334
      13.8993      10.0070
       9.0899      11.8540
       7.9741       6.7022
       8.5919      10.0367
       9.4824       8.5632
       9.5499      12.8719
       5.9639      10.0706
       8.6351      13.4043
       7.3230       4.6808
       7.9351       8.8008
      10.0283      12.0549
      11.9190      12.6663
      12.6685      11.7647
      10.8942       7.4775
      10.9281       9.2752
      10.3221      10.9912
      10.3791       5.3737
      12.2322      15.0867
      11.8719       9.0257
       9.7372      10.6634
      11.0406       9.9921
      12.9253       9.8620
      12.2450       5.7889
      10.5461       9.1221
       7.5381      13.7377
      11.0263      11.7143
       7.5924       7.0588
      11.6836      11.3978
      10.0218      12.0690
      11.8812       9.7694
       8.9404      11.8837
      11.2144      11.4310
       9.5369       4.6470
      11.4170       8.4114
      13.3980       7.5966
       8.1292      12.6905
       9.7138       9.9789
      10.0722       9.5689
       7.4062      11.5790
      13.1871       9.3718
      12.7126      10.8655
       8.8161      12.7935
       8.3271      15.0707
      10.6113      10.2590
      11.0427       5.5765
      11.8529       6.2283
      10.0675      13.5344
       7.7621      12.1028
       9.8633      12.5228
      11.2742      12.6315
      10.8452      10.9178
       7.7968       6.6007
       8.4014      10.7022
       9.7751      10.1264
      10.4773       7.3271
       8.3803       6.1718
       6.4657       8.1237
       7.4819       6.1485
      11.6786      11.2730
      12.1302      10.5811
       9.3028       9.2048
       8.1222       4.7750
      12.3255      15.9647
       9.1056      17.7188