      10.2475      32.7989
       6.2246      28.7252
       6.2741      34.6655
      10.9587      30.8749
      10.7554      31.3367
      11.6184      33.3733
      14.5640      23.1847
       8.1259      24.3575
      11.5202      22.9563
      11.8472      28.6245
      13.3492      25.5047
      18.2650      26.7655
       4.2188      33.7307
       8.3592      29.7062
      11.3024      37.4953
      13.0421      35.0281
      12.5884      31.4806
      10.2559      24.7325
       6.1678      29.4591
      14.7457      24.1400
       5.5336      18.2725
       9.9053      33.7968
       7.1350      28.6064
      10.3044      32.8313
      12.8465      30.5630
      11.8282      27.2236
      11.3287      31.8056
      12.7176      32.9290
      10.2805      27.5021
      13.2037      30.3262
       5.3048      32.8925
      10.1363      35.5407
      13.1352      33.1414
      12.3033      32.3714
      10.9266      31.5247
       9.1870      32.9253
      11.7621      20.5099
      12.6152      34.3295
      15.8097      27.1240
       9.6635      40.4829
      12.3472      24.7102
      10.6114      28.2140
      13.2120      31.2284
       5.0296      34.4394
       5.5689      27.8802
      12.2750      34.9871
       8.0745      40.8670
      11.8325      26.5925
       4.5201      26.7304
      11.1950      29.5920
      12.9655      30.4458
      15.1859      32.0503
      13.5148      31.7521
       9.3253      37.3604
      11.2452      32.7334
      10.8075      27.1947
       7.5700      30.1685
       8.6827      25.7279
       8.0805      31.1905
       8.2101      34.7772
      16.3871      19.9652
      12.1902      28.6193
       0.3731      33.3221
       9.4433      23.6100
      12.4438      33.5206
      14.4875      32.9907
      12.0177      30.8287
       8.6319      33.2218
       9.5411      32.5984
       9.9294      29.9716
      13.4424      26.6457
      12.4475      15.0044
      12.9350      32.2604
      15.7906      24.9194
      10.3183      27.5911
      12.3601      31.0885
       7.6298      29.0978
       1.9981      28.9062
       8.7285      32.0487
      12.1111      30.6747
      11.1258      26.0310
       8.7204      29.3245
       7.2522      26.0345
      13.5265      27.1543
      13.4800      39.2395
      11.5402      24.3815
      10.6311      24.5435
       3.6416      30.1358
       9.7934      21.4226
       9.6964      28.1884
       7.3819      31.0338
      10.5025      28.8473
       8.2425      30.0414
       6.3291      28.8537
      11.1515      19.4797
       5.8327      33.3944
       7.4001      40.1967
      10.2808      28.5515
      12.3489      24.1886
      11.7326      24.3036
       7.9489      23.2959
       6.6200      32.8041
       5.9127      26.3643
       9.8842      26.1065
       2.1174      29.0544
      11.5043      32.5594
      10.1943      28.2053
       8.5639      24.6218
       8.1540      23.2407
       7.0915      24.7370
      11.1930      33.5126
      15.0166      35.2642
       6.2778      34.3389
       7.1369      22.4563
       4.8002      22.8485
      11.0268      31.5291
       7.2702      31.2854
       8.8177      28.6610
       3.0238      21.5476
      10.7890      30.5090
       9.2081      19.2517
      10.1993      34.5976
      11.5011      33.4027
       9.4644      24.6579
      13.1943      36.8423
      11.5905      32.0273
       9.1744      29.4967
       6.6245      21.0248
       6.7959      34.9539
      12.6862      33.7381
       8.1143      47.6856
       6.5598      31.6640
      13.6879      37.3445
       8.8809      31.1519
       8.4995      32.9266
      16.6559      36.7737
      11.4792      28.7715
      12.2343      24.9071
      11.2602      16.7899
       2.4431      27.2120
       8.3463      31.3121
      11.6007      26.5000
       7.7668      27.9135
      10.5918      29.8808
       6.6290      31.3537
       2.6801      30.7469
      10.6872      38.6540
       9.2013      30.5096
       7.0503      28.5999
      10.8732      40.8752
       8.1085      21.6666
       9.6078      33.8910
       2.2826      30.7945
       7.3686      35.8869
       7.8976      30.0200
      13.1048      39.3213
       9.2325      32.1792
      10.8174      29.5423
      13.2658      26.6596
       9.7243      29.0311
      16.1898      20.8252
       7.8469      26.5381
      16.5828      24.9775
       8.8137      26.6149
       8.9636      25.6316
       4.8097      30.2893
       9.9097      29.4321
       2.3314      31.4496
      10.3158      35.5205
       9.9748      38.2721
       5.2844      33.7044
       9.7486      23.2949
      10.6581      30.1577
       8.4778      24.8660
       8.5727      32.6249
       6.9505      22.0781
      11.4014      29.1415
      14.7591      28.8756
       7.9241      37.9647
      10.6600      25.2236
       9.5563      29.1472
       1.8972      28.9659
      14.1926      18.5025
      13.5259      36.1265
      10.5799      22.5191
       8.9230      23.0508
      10.5320      29.7282
       5.4775      22.7538
      12.9663      29.1110
       6.7885      28.7855
      14.8384      34.6297
       7.7355      31.6477
       8.3841      30.0764
      10.1800      28.8495
      16.8458      34.3126
       9.4655      26.3409
      14.1122      23.6434
       8.5999      24.7735
      12.7880      29.0672
       9.9724      23.7132
       9.7312      27.6487
       9.2458      33.4805
       5.4712      29.1431
      10.4532      35.3404
      11.7096      31.3058
      14.0980      31.0017
       9.4845      28.7280
       9.6263      28.6697
      15.6138      28.0907
       8.6438      28.1198
      11.3141      28.3399
      13.6160      35.9097
      13.6260      22.9710
       8.1252      29.4638
      12.4982      21.7977
       9.8608      33.6867
      11.0524      25.0259
       7.4121      26.1841
      11.2190      31.0010
      10.4899      36.2339
       8.9126      23.8488
      13.4015      27.4667
      12.3300      35.2050
      12.6247      31.5635
      14.3222      29.3975
      11.1482      24.2453
      10.4922      28.7947
      11.3578      22.9200
       4.5905      24.5260
      10.5085      28.1475
      12.1540      35.7697
      11.2843      28.9003
      10.8144      30.2600
       8.1437      29.9123
       8.3427      18.3650
       9.2340      24.8550
       9.8841      36.8126
      11.7327      29.6984
       8.7067      26.4549
       9.8785      31.2423
       9.7187      32.3986
      12.0180      28.3439
      12.3464      34.5643
       7.6416      27.3755
      10.9098      37.5130
       9.2792      24.0649
      15.8046      30.4163
       5.8468      30.9661
      15.3603      32.9537
       6.2027      28.0379
      11.8675      38.3606
       5.8690      24.0112
       9.1683      35.6763
      10.8446      26.5834
      12.0418      26.8690
      13.2304      31.5471
      15.2494      27.5948
      12.9072      30.0099
       8.0480      32.1118
      11.0153      30.4660
       9.7954      19.8899
       9.3298      27.1611
       2.5162      27.3144
      15.6432      34.5748
       9.0229      29.7203
       6.6600      27.8038
      10.6527      33.8201
       8.8096      33.9445
      14.9652      33.0850
       7.0080      21.4377
       4.4372      26.9822
      10.1777      18.2472
      13.4302      14.5732
       5.3961      32.5437
      12.0409      24.3234
      12.0388      27.3614
       2.9541      35.0430
      11.3468      32.1130
      12.2140      22.8105
      12.1784      32.8591
      10.6059      36.0750
      11.9747      33.4030
       8.2185      43.0268
      10.8451      32.2748
      10.9006      24.3666
       9.4417      30.6799
       9.9568      26.5460
       8.1500      23.3962
      11.9112      34.0298
      10.3708      36.2673
      13.2066      30.5433
       6.2005      31.3615
       7.6937      33.0899
      11.8392      27.7538
       9.9979      29.0726
       6.3944      35.3113
       9.3234      29.3262
       8.2471      32.4644
       5.2921      26.7422
       3.2276      34.5474