       3.6546      -5.0334
      -1.7463       6.6913
      -1.4320       4.1307
       0.4817       7.2453
       0.9853       5.9175
      -0.2683       3.1603
       1.3115      -0.1269
       0.1473       2.2253
      -1.6860      -1.7382
       4.5514       7.1737
      -0.2279      -1.7551
       1.7048       2.6403
       0.0312       2.9900
       2.5335       3.6913
      -0.0375      -3.1036
      -0.7531      -4.1301
      -0.4491       0.3996
       2.9515      -1.9146
       1.1824       0.5695
       2.3699      -4.5009
       0.9500       0.3378
      -0.3450       6.2941
       0.1260       1.6285
       2.1325      -1.1469
       6.3502       4.4434
       1.8506       3.6500
       2.3813       6.3965
       3.5371       0.6992
      -0.6275      -1.3258
       2.9466       6.4503
       0.4250      -2.2128
       0.6806      -2.5506
       4.2023      -1.0206
      -0.1274       1.6184
       1.8657       1.4589
       2.1036       5.1466
       2.5688      -2.7314
      -2.7109      -0.4482
       2.8675      -2.1106
       0.1714       3.9542
      -4.3749      -5.2729
       0.2260      -1.4405
       0.2430       2.8990
      -0.3424       0.5946
      -1.5067       4.4230
       1.6319       4.9586
      -2.1713      -0.8186
       2.6650       1.0228
       3.3851       1.7541
      -0.3238      -1.7914
       1.8384       4.3294
       4.1755       4.7405
      -1.9767      -0.0833
       1.5805       2.9087
       5.3962       2.0742
       1.0761       4.3532
       1.1233       1.3909
      -1.6911       0.3559
       1.8428       0.1215
       1.0405       1.7083
      -3.2792       2.0479
      -0.9722       1.6900
       0.7421      -4.3068
       0.8137      -5.1923
       1.1604       3.1135
       1.3523       7.3514
      -1.9632       6.7846
       3.5546      -3.7614
      -0.8687      -1.5430
       1.1077       2.7713
       1.7556      -2.9687
       2.7914      -3.5605
       1.5734       1.9026
       4.9092       3.0792
       1.9426       3.0028
      -0.3783       2.2137
      -1.6510      -2.2231
       5.0884       1.3753
       1.4611       0.6792
       3.4257       3.7173
      -3.3427      -1.2646
      -1.7797      -2.6024
       2.8752       0.6051
       2.5763      -0.3732
      -1.8764      -0.0913
       2.6283      -0.2458
       1.1624      -8.0725
      -1.8690       0.9238
       4.5710       1.4802
      -1.4447       2.0177
       2.6127       1.9136
       2.7120      -1.3071
       1.6411       2.7576
      -1.3165       4.7054
       0.5122       9.5107
       2.6247       0.0446
      -1.6010       2.5179
       1.7905       3.1478
      -0.2781       3.6304
       1.3768       0.5676
       3.3614      -0.8055
       5.1564      -1.1761
      -0.3149      -0.4815
       0.5012       1.2767
       3.6708       5.5933
       1.6030       1.1929
       2.4349       2.9928
      -0.0955       2.5354
      -2.3141       0.3469
      -1.0217      -0.5455
       2.0167       1.6191
      -0.9711       0.9832
      -0.8113      -3.5162
      -0.9608      -1.5654
      -1.6183       1.2458
      -3.6765       7.9093
       3.0349      -3.1305
      -1.0027       2.0283
       0.0699       0.3931
      -0.9826       5.3265
       0.6333       0.9312
       1.6883       8.2557
       2.4564       3.8456
       1.4100      -0.3885
       4.0184       6.2369
      -1.0267      -3.9539
      -0.9518       1.6447
      -0.3458      -0.3999
       0.0547       0.5957
       1.0272       3.1309
       0.6886      -4.1631
       1.4798      -0.0148
       0.2941       2.0132
       3.6771      -0.2061
      -1.3081      -1.7388
       5.5472       2.6029
      -1.2240      -1.7413
       0.0175       2.3062
       0.2598       1.1331
       0.0170      -1.9091
       6.3554       3.5504
       2.1367       6.8122
       0.5157       3.9370
       1.3722      -0.5327
      -0.7567      -2.2255
       1.4541       4.5808
       2.6149       2.7364
       1.5162       3.6175
       4.6063       0.7224
       0.1566       2.9695
       4.3232       4.8167
       2.5771      -1.0426
      -0.1433      -1.9303
       2.8041      -0.8470
       0.8782       0.3967
       3.4112      -2.4492
      -1.6941      -3.0377
       4.1915       0.9782
       3.5050       1.8874
       3.7565      -1.1065
      -1.3028       2.2429
       0.1904      -3.5083
      -2.4170       4.7361
      -1.9844       0.0277
       0.1063       3.8000
      -2.1795       3.4891
       5.0963      -0.3097
       2.1400      -0.9039
       2.5181       3.5712
       0.1398       1.6489
       0.8204      -2.9359
       0.8748       5.2720
      -0.6298       2.3171
       0.8431       1.9086
      -3.7907       2.2420
       0.0930      -1.0353
      -1.6743       2.7353
       2.0755       4.6995
       0.9021       4.1390
       2.6481       5.8802
      -0.2466       2.3090
      -0.6771      -4.2832
      -0.1910       2.4867
      -0.5931       3.3229
      -1.0849       2.2792
      -2.0896       0.9216
      -2.3229      -3.8302
      -3.4074      -2.6636
       0.9368      -2.8890
       0.6361       5.1636
      -3.8821      -2.0223
      -1.3968       3.2513
       2.0226      -1.2067
       1.6799      -5.3324
       2.4968       3.9087
       0.2409      -1.0164
       2.2700       2.1564
       0.5932       1.6680
       2.6636       2.0723
       4.8534      -1.9522
       1.4007       1.1126
      -0.5798       5.4024
       0.2103       3.1390
      -0.6583      -3.4230
      -0.6483       1.9804
       0.8891       1.3559
      -2.3907       2.9834
       3.2270       1.6873
      -0.7660      -0.4255
      -1.5568      -1.7146
       5.3304      -4.6432
      -1.9174       3.8014
       2.9634      -2.4285
       3.3040      -2.2578
       0.4591      -0.5909
       4.4817      -2.8962
       3.4345      -0.3625
      -2.9481       5.4369
       3.2222       2.0615
       1.0533      -6.1310
       2.5229      -1.2996
       2.6188      -1.0908
      -0.9460       1.1636
       0.6278       3.5579
       0.7952      -0.5715
      -1.6219      -1.4925
       1.3513       1.6472
      -2.1841      -4.1506
       2.6975      -1.9981
      -0.3577       6.3782
       2.7015      -1.1687
       0.4921       1.7683
       1.1725      -0.8513
       2.2594       1.7514
       1.0443      -3.8219
      -0.9263       6.3624
       2.4176       1.3003
      -2.2101      -0.4377
      -0.0339      -4.5581
       3.5982       4.0037
      -2.5636       2.6180
       1.6109       6.7376
       0.3520       1.7477
      -0.9305      -2.7473
      -3.6048       1.0821
       2.2495       5.0851
       1.7975       0.8087
       2.6021      -5.1524
       1.6034       2.7802
       1.5615      -2.5580
       1.3147      -0.2894
      -0.8882       3.5004
       3.1161       5.9056
       0.8545       2.2038
      -0.1550      -0.7763
       1.9066       0.7411
      -1.6310      -0.9121
       2.0228       0.7148
       1.6566      -2.5224
      -2.5620      -4.1876
       5.1595       2.1562
      -2.4404       0.3755
       0.8559       0.9545
       3.4054      -4.7782
       3.3715      -0.8306
       3.9019       3.0019
       2.0979       3.0659
      -0.1138      -1.4641
       3.5404       1.1297
       2.4088       2.8552
       2.8199       2.6555
       0.4130       3.1379
       0.7030       4.8728
       0.2642       2.7750
       4.5937      -2.0496
      -2.0610       2.6423
       0.3515       2.9926
       0.4993       0.8720
       1.8341      -1.2844
       2.1391       1.9411
       2.0846       2.5141
       4.9574       3.8414
      -3.1968       1.3616
      -2.3858       2.6379
       3.2451      -5.3747
      -1.0367       1.6791
       1.0981      -1.1456
       4.0998      -2.1533
       1.1474       3.1159
       1.7856       4.5782
       0.4639       2.2314
       0.5233       3.4113
       5.3342       2.3536
       1.2554       2.5310
       1.1436      -4.0806
       1.3522      -2.2640
      -1.4142       7.0385
      -1.9875       3.2802
       4.3384       4.8108
       2.2686       2.1755