       2.4723       5.0735
       1.7480      -0.6994
      -2.0716       2.2885
       1.6977      -1.0138
       0.7957      -4.5801
      -2.6059       0.7739
       0.7112      -1.0009
       4.8882       4.6798
       4.8875      -6.6553
       3.7941      -5.0889
      -0.5329       6.6169
      -0.6025      -3.6400
       0.3502       3.8602
       2.5310       4.5812
       2.4621       4.6788
       3.2724      -1.6213
       3.0129       2.6595
       4.4581       0.0140
       1.5496       0.6032
      -1.5924       4.2540
       1.7928       3.7106
       0.7179      -3.5922
       3.7274       4.0849
       2.0942      -2.7163
       1.8777       4.1772
       2.0642      -5.5930
       1.2016      -0.5989
       0.0973      -4.2491
       0.6130       0.5834
       1.4516      -0.7906
       1.7141      -4.5119
       1.3022       3.1775
       2.3941      -0.4593
       0.0187       2.8178
       2.8900      -1.7361
      -0.3091       2.0205
      -2.9162      -0.5483
       0.8009      -1.2133
       3.7713       0.3249
       2.7178       3.3321
       3.1081      -1.6580
      -1.5563      -3.2886
      -0.5977       0.3579
       1.0789      -6.1765
       0.8565      -0.5206
       3.9110       3.1952
       0.3187      -1.5873
      -2.2236       5.8324
       1.4701      -7.7702
       0.9009      -2.8905
       2.7044      -2.0268
       4.0303       1.4040
       3.3048       4.5541
       0.6217       1.3410
       2.0235      -4.6139
      -1.6738       5.1523
       3.9249       4.5900
       3.4886       7.8971
       1.0773       1.6820
       0.9328      -0.0293
       3.4638      -2.0046
       3.4401       2.7886
      -1.1905      -1.6343
       2.7626       4.8644
       1.3626       3.1036
       2.3639       3.5172
       1.0391      -2.5737
      -0.5322       5.5656
      -1.0788      -2.1030
       2.0074       2.2364
       3.3844       3.0319
      -1.0129      -0.1810
       0.6676       1.2180
       0.3771      -2.6626
       1.6053       1.3072
      -0.6217       3.9786
       2.0284       5.9117
       1.4404       1.6507
       1.1459       3.4204
      -2.1620       1.9771
      -2.1721      -0.8427
       3.9992       2.8515
       2.7288      -0.9529
       0.8476       0.4110
       0.6563       4.9799
       1.6915      -0.5361
       1.0215       1.5145
       0.2917       2.8638
      -2.2196       0.3153
       0.3151       0.0763
       1.4155       0.5464
       3.7871       0.8990
       1.2170       3.8556
      -1.0588       4.3946
       1.0675       2.7297
       2.5552       5.9980
       1.2449       5.2873
       0.1884       0.0057
       0.7660      -1.2437
      -0.0617       7.2962
       4.2510      -2.0362
       1.7103      -0.6970
       4.8667       0.4869
       2.8818       1.4893
       1.5624       1.1236
      -0.7841      -0.5056
       0.2605       5.0626
      -1.3788       2.4904
       2.2063      -2.0713
       2.2018      -1.7823
       0.7489       2.1512
       2.2908       1.2069
       2.0071       3.6653
       2.7989       3.2031
      -1.6319      -2.4080
       1.4569       5.1026
       1.3227      -2.8418
      -1.4994       0.9303
      -1.6078      -1.0707
       0.7050      -1.9766
      -1.9666       1.3267
       1.9460       8.0577
       2.5391      -4.3825
       1.3666      -1.9374
      -0.8014       0.8254
       0.8545      -1.7636
      -1.6897      -1.3758
       0.7778       3.9350
      -0.2099       2.8639
       2.0779       1.4514
      -0.2568       1.1118
       0.9927       4.0444
       2.5934      -2.1147
       0.7674       4.5783
      -1.9697       4.2808
       3.1557       2.2823
       1.1630       4.6386
      -0.5927      -2.8624
       1.4276      -0.2011
       0.0568       5.8420
       0.9553       1.4588
       1.3093       1.9881
       1.3684       8.5525
      -0.5893      -1.6610
      -0.5957      -1.7232
       3.3243       6.0548
       0.4519       0.2111
       0.6865       2.8242
       2.4402       5.1287
      -1.3897       1.0478
       0.8907      -2.9332
       1.0050      -3.8174
      -0.3707       2.1402
       1.7881       4.5569
       0.4634       3.7507
       1.7839       0.3023
       3.2178      -0.0044
      -0.7599      -0.0692
       0.6664       1.1872
      -2.0069       2.7471
       1.3924      -0.0611
       2.1363       2.9222
       2.6314      -1.1868
      -1.6917       4.0802
      -0.1443      -1.3870
       1.2116       0.8489
      -0.0389       2.5984
       1.2576      -2.4028
       1.4870       1.9868
       0.4642      -1.8921
       2.1632       4.8927
      -1.1635      -1.0795
      -0.9263      -3.5068
       1.3078      -0.7287
       1.4713      -0.6121
       2.9326       0.2383
       1.3775      -1.7862
      -1.3822      -0.7258
       1.9077       5.6595
       0.4966       3.6688
       2.4984      -3.6680
      -0.7061      -7.4042
       3.6469       0.2604
       4.5390       1.1377
      -1.4695      -0.2675
       0.1838      -0.0674
       4.6220       0.8667
       1.5558       0.8483
       3.4998      -4.9375
       3.5612       0.0958
       0.3140       2.9953
      -1.5953      -5.1121
       1.2516      -1.1727
       0.9814       1.2111
      -1.1806       4.5887
       1.4246       1.4806
      -0.0319       2.3783
       1.3015      -0.1452
      -2.2249       4.2619
       0.7406       2.4235
       0.7478       7.0925
       3.7681       0.5924
       0.6146       4.8968
      -1.0053       0.7608
      -0.7883       3.6717
       0.7143       2.7857
       0.7723      -0.7913
      -0.6239      -1.4609
       5.7014       4.0608
       2.5652      10.4702
      -0.9108       4.6301
      -1.3621      -0.0226
       1.4135       0.9186
      -1.2715       4.5337
       3.4522       2.5867
       0.9692       4.9778
       0.6356       0.7716
      -2.1497       7.4703
      -0.1659       6.3337
      -1.1071       4.6820
       2.8433      -1.4091
       0.7237       0.6593
       4.3859      -1.2422
      -0.1556       0.2848
       1.1208      -4.8298
       0.6099       3.4881
       1.7727      -1.3000
       2.3373       3.7033
       4.5359      -2.4793
       0.5577      -4.9473
       4.4199       0.9816
       0.2094      -0.5048
       5.6655       0.4260
      -0.5637      -2.5754
       1.5530       5.0305
      -0.6789       3.0688
      -0.5212      -1.5764
      -0.8709       3.4675
       0.2374       4.9317
      -0.7001       4.8194
       3.8000       0.9322
       0.3654       1.7543
       0.2349       1.8779
       0.9110       3.9403
       0.6583       0.3141
       4.1131      -0.6432
      -0.8054       3.2834
      -3.1615       3.8176
      -0.5023      -1.9734
       0.3034       1.4568
       0.3739       0.6310
      -0.5846       0.2386
       0.7597       5.8855
       3.7782      -4.1074
       1.1012       1.4692
       1.5203       3.4329
      -1.7469       2.2469
      -1.3705       2.2758
       3.9763      -1.0412
       1.4848       2.3889
       1.6395       0.0987
      -0.3208      -0.8014
       3.4748      -5.1464
      -0.1012      -1.1806
       0.3111       2.5879
       5.1769       1.8571
       0.6973       2.9333
       0.2004       0.9244
      -0.6137       4.1780
       4.8885       1.6206
       2.2123       0.2927
       3.6719      -5.2136
      -1.9413       2.2405
       1.7293       3.8410
       4.1864       3.0509
       1.6646       5.2491
       2.7884      -0.7762
       3.7249       2.0550
       2.6418       2.2518
       2.0894      -2.3953
       2.5224       3.2366
      -1.9395      -2.1484
       1.2224       0.1532
      -3.3047      -5.2155
       2.9825       1.0336
       1.8265       4.2995
       1.6707       1.7481
      -0.0806      -0.1950
      -1.9947      -0.4427
       0.7824       1.0221
       2.9203      -1.3516
       0.4522       0.8018
       3.7006       1.2575
       0.9572      -2.4045
       5.8488      -3.0440
       1.3938       5.6473
       4.8226       3.5209
      -1.0997       1.8856
       0.1124       0.6885
       3.7703      -0.4945
       0.0855       2.4633
       0.0019       0.4373
      -0.1728      -1.0052
       2.0568      -0.0735
       0.5207      -2.0486
       1.4214       2.4073
       3.8918      -1.7694
       4.3470       1.5286
       0.8519       3.4950
       1.3934       1.5235
       5.0842       2.0843
       5.1082       5.2165
       1.5155       5.1329
      -0.4066      -3.9044
       0.0663       0.7446
      -4.4453      -6.0576
      -0.1245       0.2270
      -0.2468       4.5002
      -1.4766       0.4952
       2.9855       0.8770
       1.2818       0.3356
       1.3136       5.4516
       0.7538       1.9934
       1.7744       3.2646
       1.9646       5.0551
       2.5359       4.2802
       1.7113       1.8564
       2.3750      -2.0520
       0.7911       6.0818
       3.5571      -3.6597
       4.0824       0.0859
       0.9755      -2.8804
       5.9646       3.9196
       3.5252       5.0911
       4.2508      -1.9564
      -0.8074       6.3648
      -1.2301      -4.9646
       0.7374       0.2560
       1.1041      -5.2896
      -1.6893       7.1675
       0.4484       5.3603
       2.1323       7.8231
      -0.3751      -1.0314
       1.0407       1.4076
       0.8690       0.6557
      -0.7918       3.8689
       0.9620       1.9405
       3.3380       4.5393
       0.2228       0.2246
       1.3935      -0.5691
      -3.1686       0.3358
       4.8213       4.4382
       3.4188       1.9735
       2.7518       3.7370
      -1.1577      -1.1068
      -1.1839       0.2850
      -2.0546      -2.9301
      -3.0388      -6.8863
       0.8209       3.0267
       1.5824       4.2230
       2.1741       2.1917
       1.9112      -2.4204
      -0.8118      -3.4143
       3.6344       8.2872
       3.5419       2.4975
       2.0793       4.6085
       3.9525      -2.6897
      -0.5980      -2.5208
       2.1207       1.5000
       2.2477       0.9030
      -0.6485       2.1644
       3.9464       1.7578
       2.8152       4.4051
       0.2453      -4.0462
       0.2308      -0.8427
      -0.5951       2.0400
       0.5722       0.9972
       0.8257      -0.6323
      -1.5726      -3.9116
       1.4773       0.2000
       2.8947       1.1660
       1.9822       1.7137
       1.9519      -2.3386
       1.9055       0.4986
       1.7365       4.6087
       2.8446      -0.6796
       1.0018      -3.8441
       3.2176       0.5410
       0.5547       5.1275
       0.3663      -0.3282
       0.2276       5.0561
      -0.6428      -0.7358
       3.6710       2.0438
      -0.9681      -1.0263
      -0.5175      -0.1915
      -0.4967       0.0705
       4.6567       4.8526
       4.3494       0.4705
       1.8750      -0.4427
       3.5305       0.0346