       0.3997       6.3092
      -0.6310       1.5914
       2.5364       9.2970
       3.4886      -1.7213
       0.8505      -4.6807
       3.8543       7.6686
       1.1398       1.5958
       3.1654       3.9912
       3.8443      -0.3062
      -2.0007       0.2769
       0.3132      -7.6003
      -0.9171       7.5003
       0.3151      -2.3970
       2.8613      -0.8356
       2.2341       2.5175
       1.7276       1.0810
      -4.7533       3.6916
       0.3631       7.2315
       1.2309       0.0257
       2.2267      -0.1654
       0.0013       4.0802
       0.6128      10.8663
       0.7068       3.9450
       0.0641       3.9825
      -0.0309       1.6536
       2.5948      -3.8891
       1.2914       7.0665
       1.5402      -3.4613
       0.3272       4.9328
      -2.1718       8.3897
       3.5639      -3.6866
      -2.6996       5.3668
       1.7246      -0.5382
      -0.0201      -2.5239
      -0.3044      -1.2724
      -0.1591       7.0920
       4.6668      -0.5490
       3.2847       0.3918
       1.9655      11.1335
       0.1827      -1.5921
       0.5226       0.7845
      -0.6134       1.2561
       1.2719       7.3949
       1.6526      -4.8053
       0.0447       0.1649
       2.5052       1.3214
      -1.0627     -10.5754
      -0.9162       1.6140
       5.7332      -3.1269
      -4.1722       1.0106
       3.1075      -2.4712
       3.0883      -4.3385
       3.1342     -10.8766
       0.2193       2.0271
       3.1793      -3.1372
       2.2576      -0.4714
      -0.4072      -4.9556
       0.2276       0.5511
       0.9575       2.8136
       0.6100       1.4387
       2.0116       0.8433
       2.7509      -3.6244
      -2.6872       4.2335
       0.9787       5.5420
       3.3614      -3.0107
       6.8306      -3.8374
      -0.9087      -2.8714
      -3.3448       7.6008
      -2.6634       4.6258
       4.0568       3.4698
       4.6065      -2.5570
      -1.8344       4.0087
       4.4994      -5.8455
       2.2710       1.3216
       0.4846      -4.6279
       0.7241       1.9123
       1.6315       0.2540
      -3.7010      15.6374
       0.9140       8.5201
      -0.5346       1.4478
      -0.1440      -4.5911
       0.0871      -1.5137
       3.9267       4.2778
       1.5480      -2.4735
      -0.7534      14.1189
       2.3171      -3.6323
       0.3682       6.7553
       2.1147       7.7779
       3.1146       3.9600
       0.6008       5.4618
      -0.7334       5.8483
       0.5768       3.8117
       3.2730      12.7289
      -0.4288      -3.5973
       2.9131      -5.1960
       0.0672       0.3621
       0.0112      -0.2367
       1.1824       1.8935
       2.3059       4.5877
       2.2540       1.5720
       1.8357      -2.4153
       3.4936       1.3024
       3.2633       6.4199
       2.3011      -0.8797
       0.2734      -6.4807
       4.5362      -9.7610
       1.9652       3.2690
       0.0758       4.5792
       3.0129      -7.8746
       0.3489      12.3253
       2.6525       4.1562
       1.1638      -4.5422
      -0.5815      -3.9426
       2.0829      -3.5105
      -1.3554       3.2898
       2.4374       1.4133
       0.6202      -2.0193
       1.0975      -1.7831
       1.5832       7.2670
      -2.4129      -1.7803
      -2.4420       6.3693
       0.6868      -0.3159
       1.3806      -8.4551
       0.5675       6.3182
       1.4144       3.4337
      -0.0008       4.7482
       0.9416      -2.4443
       0.3070      13.4468
       0.4385      -2.3433
       0.5893       9.1663
       0.7616      -1.1247
       0.1221      -2.3100
      -1.6378      -8.5512
       2.5073      -5.2156
      -0.9663       2.6603
      -0.3188       4.9794
       1.6228       1.5079
       0.7139       5.1730
       0.7702       3.9855
      -0.6075       0.4373
       2.5203      -2.4606
       4.4025       9.7205
       0.5419      -9.9208
      -1.7259      -2.2120
       0.3312      -2.8869
       2.5124      -2.3849
      -2.8178      -7.5078
       0.1423      -5.8761
       3.8949       3.2172
       2.8823       3.5189
       0.8041       3.2327
       2.5357       4.2674
       4.3243      -2.2120
      -1.7221       2.8313
       2.7004      -7.5599
       0.9715      -0.9246
       2.3654      -2.8542
      -0.4140      -7.2411
       0.7495      -0.5782
       2.2624      13.4436
       2.8915      -1.4802
       0.4604      -7.4860
      -2.9828       1.7832
       4.1238       4.0553
       2.8246       1.8119
       3.1559       5.9542
       3.0397       2.0181
       2.5847       6.9271
      -2.9026       6.5724
       6.0037       8.3970
       5.8554       3.9096
       0.0302       3.0524
       0.8926      -1.2226
      -1.5402       2.5995
       3.4833       2.4637
      -1.3907      -5.9659
       1.4114       0.7178
       0.5239       6.7391
       1.0247      -5.3990
       1.4161      -2.8363
       0.0151      -2.0249
      -1.9239      -0.0588
      -2.3748       6.5653
      -0.6003       4.4524
       5.0870       7.8758
      -0.0214      -2.5675
      -0.1260       8.8507
       5.2578       5.7728
       1.3127       0.8030
       0.9975      -0.9675
       0.5467      10.4927
       2.6418      -2.5126
       1.4341      -0.5773
       0.8016       6.2794
       0.6538      -1.2975
       4.4186       8.0551
       1.4037       1.7900
       1.9276      -0.6289
      -0.8458      14.5972
       2.3936       4.2602
      -1.6843       3.0647
       1.9086       3.9186
       2.9741      -0.9198
      -1.7695       2.7474
      -0.3309       5.3530
       0.5178       9.2676
      -2.0190       2.7273
      -1.5110      -9.7616
       4.0731      -0.7452
       2.1732       3.3313
       1.7719      -0.9615
      -2.9312       1.2093
       0.7275      -0.1742
       3.6865       4.1272
       2.3571      -0.4218
       3.4406      -7.0498
       2.4995      -6.7110
      -0.1784      -5.0688
       1.9970      -7.7766
       0.7923      -3.5305
       0.6966       2.5546
       2.7223      -2.3149
       0.0263       4.4123
      -1.0998       4.8278
       3.2898       1.0040
       3.2366       2.5613
       3.5840       4.2837
      -3.2782      -8.7133
       0.3243      11.1652
      -3.4703       2.3591
       1.8528      -0.1084
       2.9812       3.9736
       1.4424       4.8857
       2.6768       3.9964
       2.5418       1.7140
      -0.5377       7.3505
       1.7853       0.4051
       2.0822      -4.2062
       6.5155       0.0071
       2.5843       4.0448
       2.4916       1.6390
      -1.6070       1.4352
       2.7935       1.4773
       0.6219       5.0986
       0.7302       3.0067
      -0.3649      -3.6888
      -0.6157      -0.3425
       1.5361       2.5074
      -0.4713      -3.4654
       0.7118       0.3730
       3.9383       7.4805
       2.3298       1.5335
      -2.0540      -8.5685
      -1.2974       2.3792
       0.2462       3.5060
       1.7836       7.3133
      -1.0628      11.5378
      -1.3897       6.0712
       3.6910      -3.1140
      -3.6285       0.9175
       0.6110      -9.3946
       3.4703       3.5624
      -2.0332       2.4102
       4.3436       0.1212
       1.2088      -1.0149
       3.9043       4.4291
       3.1157       1.3744
       1.9310      -3.1431
       0.9129      -1.9096
      -1.5771       3.3867
      -3.9652       1.8742
      -1.1325      -4.4417
       1.8782      10.0653
      -1.0363       1.7527
       1.5041       3.2789
       2.6673      -4.7278
       1.9281       6.1987
      -0.4236       1.1501
      -0.0363      -1.6979
       0.5393       3.3274
       0.9973      -8.7426
       0.9289       3.3777
      -0.9593      -0.9812
       3.8935      -1.6718
       0.2970      -0.9967
       1.9174       1.0183
       4.8960     -10.4421
       0.5952      -4.4327
      -1.2721      -0.6277
       4.3482      -2.1282
      -0.8034      -1.1535
      -1.8345      -9.1566
      -0.4322      -4.4334
       1.4834      -7.7795
       0.4068       2.6325
      -0.2317       3.8443
      -0.5155       3.7359
       3.2494       6.4514
       0.2412       3.7628
       1.8272       1.8104