1	473.4697459
2	484.2046278
3	494.1718334
4	503.3659036
5	511.7832686
6	519.4222301
7	526.2829367
8	532.3673535
9	537.6792255
10	542.2240356
11	546.0089568
12	549.0427991
13	551.3359513
14	552.900318
15	553.749252
16	553.8974818
17	553.3610366
18	552.1571657
19	550.304256
20	547.821746
21	544.7300366
22	541.0504009
23	536.8048908
24	532.0162425
25	526.7077811
26	520.903324
27	514.6270843
28	507.9035738
29	500.7575063
30	493.2137023
31	485.2969942
32	477.0321329
33	468.4436971
34	459.5560035
35	450.3930212
36	440.9782871
37	431.3348262
38	421.4850741
39	411.4508047
40	401.25306
41	390.9120864
42	380.447274
43	369.8771014
44	359.2190851
45	348.4897345
46	337.7045118
47	326.8777976
48	316.0228619
49	305.1518408
50	294.2757189
51	283.4043176
52	272.5462886
53	261.7091142
54	250.899112
55	240.1214464
56	229.3801452
57	218.6781212
58	208.0172005
59	197.3981545
60	186.8207377
61	176.2837306
62	165.7849868
63	155.3214843
64	144.8893817
65	134.4840778
66	124.1002746
67	113.7320447
68	103.3729001
69	93.01586524
70	82.65355151
71	72.27823403
72	61.8819302
73	51.45647942
74	40.99362388
75	30.48508987
76	19.92266941
77	9.298301607
78	-1.395846413
79	-12.16729948
80	-23.0231956
81	-33.97020881
82	-45.01447395
83	-56.16151378
84	-67.4161687
85	-78.78252945
86	-90.26387314
87	-101.8626028
88	-113.5801906
89	-125.4171259
90	-137.3728668
91	-149.4457966
92	-161.6331857
93	-173.9311577
94	-186.334661
95	-198.837446
96	-211.4320477
97	-224.1097735
98	-236.8606975
99	-249.6736596
100	-262.5362712
101	-275.4349262
102	-288.3548186
103	-301.2799643
104	-314.1932306
105	-327.0763699
106	-339.9100595
107	-352.6739468
108	-365.3466995
109	-377.9060617
110	-390.3289136
111	-402.5913373
112	-414.6686859
113	-426.5356577
114	-438.1663738
115	-449.5344595
116	-460.6131293
117	-471.3752748
118	-481.7935549
119	-491.8404892
120	-501.488553
121	-510.7102734
122	-519.4783279
123	-527.7656432
124	-535.545494
125	-542.7916033
126	-549.4782416
127	-555.580325
128	-561.0735139
129	-565.9343083
130	-570.1401432
131	-573.6694805
132	-576.5018987
133	-578.6181807
134	-580.0003966
135	-580.6319848
136	-580.4978275
137	-579.5843234
138	-577.8794552
139	-575.3728524
140	-572.055849
141	-567.9215361
142	-562.964809
143	-557.1824082
144	-550.5729554
145	-543.1369819
146	-534.8769526
147	-525.7972823
148	-515.9043461
149	-505.2064836
150	-493.713996
151	-481.4391372
152	-468.3960979
153	-454.6009833
154	-440.0717849
155	-424.8283451
156	-408.8923157
157	-392.2871112
158	-375.0378546
159	-357.1713183
160	-338.7158597
161	-319.7013501
162	-300.1591
163	-280.1217779
164	-259.623326
165	-238.6988703
166	-217.3846272
167	-195.7178066
168	-173.7365109
169	-151.4796321
170	-128.9867445
171	-106.2979973
172	-83.4540032
173	-60.49572708
174	-37.46437241
175	-14.40126762
176	8.652248126
177	31.65493907
178	54.5657865
179	77.34410151
180	99.94963651
181	122.3426951
182	144.4842398
183	166.3359974
184	187.8605618
185	209.021493
186	229.7834135
187	250.1121
188	269.9745717
189	289.3391737
190	308.1756558
191	326.4552463
192	344.1507207
193	361.2364646
194	377.6885313
195	393.4846935
196	408.6044885
197	423.0292582
198	436.7421817
199	449.7283024
200	461.9745483
201	473.4697459
202	484.2046278
203	494.1718334
204	503.3659036
205	511.7832686
206	519.4222301
207	526.2829367
208	532.3673535
209	537.6792255
210	542.2240356
211	546.0089568
212	549.0427991
213	551.3359513
214	552.900318
215	553.749252
216	553.8974818
217	553.3610366
218	552.1571657
219	550.304256
220	547.821746
221	544.7300366
222	541.0504009
223	536.8048908
224	532.0162425
225	526.7077811
226	520.903324
227	514.6270843
228	507.9035738
229	500.7575063
230	493.2137023
231	485.2969942
232	477.0321329
233	468.4436971
234	459.5560035
235	450.3930212
236	440.9782871
237	431.3348262
238	421.4850741
239	411.4508047
240	401.25306
241	390.9120864
242	380.447274
243	369.8771014
244	359.2190851
245	348.4897345
246	337.7045118
247	326.8777976
248	316.0228619
249	305.1518408
250	294.2757189
251	283.4043176
252	272.5462886
253	261.7091142
254	250.899112
255	240.1214464
256	229.3801452
257	218.6781212
258	208.0172005
259	197.3981545
260	186.8207377
261	176.2837306
262	165.7849868
263	155.3214843
264	144.8893817
265	134.4840778
266	124.1002746
267	113.7320447
268	103.3729001
269	93.01586524
270	82.65355151
271	72.27823403
272	61.8819302
273	51.45647942
274	40.99362388
275	30.48508987
276	19.92266941
277	9.298301607
278	-1.395846413
279	-12.16729948
280	-23.0231956
281	-33.97020881
282	-45.01447395
283	-56.16151378
284	-67.4161687
285	-78.78252945
286	-90.26387314
287	-101.8626028
288	-113.5801906
289	-125.4171259
290	-137.3728668
291	-149.4457966
292	-161.6331857
293	-173.9311577
294	-186.334661
295	-198.837446
296	-211.4320477
297	-224.1097735
298	-236.8606975
299	-249.6736596
300	-262.5362712
301	-275.4349262
302	-288.3548186
303	-301.2799643
304	-314.1932306
305	-327.0763699
306	-339.9100595
307	-352.6739468
308	-365.3466995
309	-377.9060617
310	-390.3289136
311	-402.5913373
312	-414.6686859
313	-426.5356577
314	-438.1663738
315	-449.5344595
316	-460.6131293
317	-471.3752748
318	-481.7935549
319	-491.8404892
320	-501.488553
321	-510.7102734
322	-519.4783279
323	-527.7656432
324	-535.545494
325	-542.7916033
326	-549.4782416
327	-555.580325
328	-561.0735139
329	-565.9343083
330	-570.1401432
331	-573.6694805
332	-576.5018987
333	-578.6181807
334	-580.0003966
335	-580.6319848
336	-580.4978275
337	-579.5843234
338	-577.8794552
339	-575.3728524
340	-572.055849
341	-567.9215361
342	-562.964809
343	-557.1824082
344	-550.5729554
345	-543.1369819
346	-534.8769526
347	-525.7972823
348	-515.9043461
349	-505.2064836
350	-493.713996
351	-481.4391372
352	-468.3960979
353	-454.6009833
354	-440.0717849
355	-424.8283451
356	-408.8923157
357	-392.2871112
358	-375.0378546
359	-357.1713183
360	-338.7158597
361	-319.7013501
362	-300.1591
363	-280.1217779
364	-259.623326
365	-238.6988703
366	-217.3846272
367	-195.7178066
368	-173.7365109
369	-151.4796321
370	-128.9867445
371	-106.2979973
372	-83.4540032
373	-60.49572708
374	-37.46437241
375	-14.40126762
376	8.652248126
377	31.65493907
378	54.5657865
379	77.34410151
380	99.94963651
381	122.3426951
382	144.4842398
383	166.3359974
384	187.8605618
385	209.021493
386	229.7834135
387	250.1121
388	269.9745717
389	289.3391737
390	308.1756558
391	326.4552463
392	344.1507207
393	361.2364646
394	377.6885313
395	393.4846935
396	408.6044885
397	423.0292582
398	436.7421817
399	449.7283024
400	461.9745483
401	473.4697459
402	484.2046278
403	494.1718334
404	503.3659036
405	511.7832686
406	519.4222301
407	526.2829367
408	532.3673535
409	537.6792255
410	542.2240356
411	546.0089568
412	549.0427991
413	551.3359513
414	552.900318
415	553.749252
416	553.8974818
417	553.3610366
418	552.1571657
419	550.304256
420	547.821746
421	544.7300366
422	541.0504009
423	536.8048908
424	532.0162425
425	526.7077811
426	520.903324
427	514.6270843
428	507.9035738
429	500.7575063
430	493.2137023
431	485.2969942
432	477.0321329
433	468.4436971
434	459.5560035
435	450.3930212
436	440.9782871
437	431.3348262
438	421.4850741
439	411.4508047
440	401.25306
441	390.9120864
442	380.447274