1	313.3246276
2	665.0057406
3	697.5908067
4	-286.7842738
5	491.7706208
6	492.3069214
7	464.1435062
8	692.835846
9	601.097415
10	371.5467238
11	802.9741971
12	819.0875286
13	213.7344889
14	751.4787416
15	670.6679362
16	677.1490224
17	268.5721948
18	679.315271
19	729.3649254
20	529.0712037
21	400.5181785
22	1058.071285
23	340.692725
24	265.1366714
25	468.3836567
26	341.3173405
27	721.2333119
28	461.0200172
29	47.75426178
30	428.4279014
31	527.4753863
32	742.500371
33	641.2689375
34	194.2924251
35	449.5608492
36	186.2317235
37	833.9383541
38	780.3728835
39	258.4549089
40	114.9479104
41	82.59053052
42	338.6294074
43	303.6163193
44	438.0685421
45	324.4514893
46	124.7408072
47	382.9730229
48	362.5079512
49	107.0630211
50	470.8654326
51	145.2079412
52	286.0644486
53	445.1039832
54	486.1743384
55	154.6540407
56	288.2011608
57	92.43676847
58	269.9258519
59	-84.68805286
60	0.467369705
61	72.57073684
62	289.155384
63	289.4936713
64	138.6958669
65	-25.39270887
66	-20.89799147
67	230.5077884
68	27.97648297
69	338.2406031
70	579.4965664
71	17.59947983
72	340.2724271
73	409.4896225
74	179.0440832
75	154.6549068
76	-46.71716646
77	-141.5562079
78	535.1620266
79	38.98591499
80	47.8293631
81	-74.36536414
82	206.33849
83	-504.4202791
84	-464.0372984
85	-231.5904897
86	196.0702242
87	1.084361533
88	-18.56303626
89	-285.198473
90	-287.5990832
91	-97.57048925
92	30.99880366
93	-168.7499811
94	240.9463158
95	-77.52848747
96	-298.0510038
97	-142.3725593
98	-231.1363549
99	170.9876478
100	-222.1512861
101	-415.999216
102	-119.1517244
103	-347.2584179
104	16.97532501
105	-344.8221077
106	-184.7371864
107	-254.5249324
108	-333.534161
109	-507.4928484
110	-512.076053
111	-225.3353033
112	-393.6004309
113	-604.0010381
114	-575.7630077
115	-256.1916811
116	-304.6467889
117	-497.8049856
118	-516.4879373
119	-227.9420034
120	-272.621491
121	-248.8175214
122	-810.7010316
123	-624.1834446
124	-461.9638738
125	-786.2892301
126	-574.9034068
127	-564.0684379
128	-585.7462646
129	-595.081748
130	-499.3899063
131	-619.1434894
132	-349.5970358
133	-486.2959033
134	-824.3257812
135	-424.7080028
136	-447.9947171
137	-683.0086341
138	-775.7506748
139	-749.2665837
140	-139.9771336
141	-533.4489371
142	-437.5417745
143	-484.752237
144	-369.2711691
145	-839.5729888
146	-774.6317063
147	-551.4639731
148	-500.3000021
149	-373.430989
150	-251.0483677
151	-527.441923
152	-565.5320425
153	-283.3509969
154	-655.4336482
155	-610.502815
156	-410.8849092
157	-423.7035134
158	-338.7781062
159	-144.4133796
160	-69.40500938
161	-302.9622287
162	-366.1832524
163	-164.2478544
164	87.02789887
165	-451.8796647
166	-93.30446524
167	-185.9245265
168	32.02906839
169	-494.8579369
170	175.5708567
171	-146.5064343
172	-119.4005201
173	-158.4995315
174	666.2547257
175	-18.59294019
176	-179.4034097
177	-62.46659949
178	244.6206696
179	159.6543949
180	543.2498309
181	270.4037257
182	167.740184
183	109.889783
184	212.2315966
185	320.0793003
186	53.69678698
187	337.8483267
188	395.8213678
189	219.9723921
190	561.9808705
191	3.821126485
192	613.9870888
193	360.4073043
194	563.6986795
195	828.2457114
196	602.404104
197	382.2044179
198	713.9910384
199	374.9178279
200	495.4583648
201	368.3760296
202	625.6244101
203	837.4468729
204	415.2868493
205	800.7257197
206	478.2996175
207	722.7579362
208	929.664472
209	279.0255041
210	851.8440836
211	282.7124922
212	376.2033621
213	253.4869754
214	390.2981177
215	553.3370834
216	668.4800001
217	388.8288834
218	362.6147721
219	877.2621644
220	318.7743909
221	536.5834559
222	926.0025562
223	484.5201981
224	73.785607
225	212.9529941
226	456.5174467
227	195.2081221
228	681.4283609
229	567.5427837
230	821.3361083
231	736.5445436
232	747.3720981
233	545.2858013
234	385.282639
235	634.4145716
236	628.2899791
237	451.664659
238	122.2208696
239	615.6511836
240	578.9445881
241	602.0150023
242	-95.66649326
243	466.4008842
244	2.134510871
245	195.1111857
246	-44.1304393
247	638.2828626
248	213.5538148
249	659.0019233
250	703.0446686
251	175.932976
252	165.2289189
253	229.2161306
254	-131.7798537
255	251.8726414
256	86.1806061
257	446.6402963
258	160.8594964
259	-75.55713279
260	412.3084305
261	335.7884881
262	163.8785223
263	366.0685869
264	458.7211259
265	335.1222702
266	366.6503763
267	400.3506869
268	282.3021116
269	113.0214765
270	280.3868023
271	-277.1524422
272	109.6439165
273	-32.37867951
274	-71.48868864
275	144.9161272
276	246.1995289
277	56.65999654
278	21.57449157
279	92.64188184
280	-27.17086764
281	-47.99246447
282	-160.5365956
283	-180.4884381
284	-243.5461862
285	439.5668763
286	89.57525222
287	-172.1312496
288	51.02196204
289	-323.9957387
290	-376.3921651
291	-88.25609753
292	-22.93370607
293	-256.3737326
294	-318.9655289
295	-185.5892583
296	106.3678945
297	-62.83306859
298	-392.2945972
299	174.0674811
300	-127.5679638
301	-193.229217
302	21.37298309
303	-486.0374519
304	-429.0114514
305	202.5470489
306	-21.00811509
307	-286.7785902
308	-356.141799
309	-477.7353938
310	-386.1231716
311	-420.5851782
312	-121.5864278
313	-414.4923016
314	62.64608822
315	-759.6464298
316	-705.5578757
317	-215.7467298
318	-420.653779
319	-225.2468875
320	-472.42885
321	-791.9583896
322	-227.5605647
323	-597.2118261
324	-624.9549943
325	-263.6826689
326	-549.3814566
327	-358.8655928
328	-379.0648148
329	-515.101966
330	-521.0302641
331	-895.8233232
332	-665.5558397
333	-390.2702401
334	-618.5189786
335	-708.1569226
336	-564.4143535
337	-505.8888629
338	-687.4081437
339	-352.5649121
340	-710.4567787
341	-755.486733
342	-334.9012152
343	-515.4205638
344	-625.1942763
345	-437.9298547
346	-645.1891746
347	-608.4556462
348	-690.5701722
349	-554.2900034
350	-1112.289642
351	-633.8851616
352	-452.5542589
353	-135.4894632
354	-33.30009837
355	-534.2585372
356	-479.6591832
357	-1.690199729
358	-319.3091301
359	-295.4521574
360	-398.6441086
361	-218.0169548
362	-438.5736408
363	207.4014504
364	-413.9765321
365	-379.4661758
366	-587.2770247
367	141.7162023
368	-313.8830725
369	-376.7827517
370	-107.0600912
371	-436.5029664
372	-208.7314168
373	96.57680415
374	108.3211859
375	-153.4960223
376	210.8337958
377	-200.0188333
378	-107.7192583
379	373.0543465
380	221.07375
381	152.9770234
382	112.9473068
383	78.22358302
384	108.200997
385	374.571685
386	314.1937301
387	512.5307619
388	409.2620183
389	233.4940658
390	327.4416773
391	223.1339048
392	268.4695995
393	617.5612809
394	340.5165275
395	278.7244131
396	130.5371045
397	551.4011463
398	147.5225522
399	409.7307412
400	274.6678603
401	584.4534784
402	504.6105838
403	339.2650319
404	492.9874707
405	573.757344
406	566.0008945
407	427.8708504
408	8.014862124
409	565.1642146
410	529.0427642
411	406.4522898
412	287.9422383
413	387.848812
414	799.5094424
415	418.0173883
416	534.5429077
417	690.2102806
418	725.4113514
419	861.8238735
420	651.4779775
421	425.2714419
422	840.0478684
423	274.8323246
424	978.1468764
425	652.6987275
426	354.6962618
427	62.79109653
428	458.2375987
429	368.3808156
430	501.0411951
431	407.3819918
432	542.2385767
433	-2.911046586
434	630.2205111
435	482.6753388
436	97.93316698
437	476.6679133
438	680.4075747
439	259.4770753
440	813.5306375
441	19.37605441
442	238.7959451